2 292 
118 725 
0 35 
424 630 
185 366 662 
704 826 
160 608 
127 954 
539 540 546 
400 479 
474 705 815 818 
212 932 
503 583 
29 69 737 910 
167 785 
276 508 510 647 
150 258 376 445 
737 952 
63 359 813 885 
101 296 
167 857 
316 476 
417 724 
30 101 
18 156 
166 198 
256 459 
163 275 284 
13 495 
525 666 
324 463 
295 346 398 850 
178 601 
139 578 
2 451 
168 401 862 
146 501 743 793 
6 769 838 895 
548 777 
217 487 
565 629 884 936 
99 298 572 
873 875 
250 538 699 830 
822 826 911 
151 857 
161 772 
327 594 
383 675 
155 557 570 824 
681 764 841 844 
214 421 784 863 
311 316 564 870 
94 190 384 590 
41 651 739 811 
15 132 252 870 
288 949 
107 129 952 
402 779 844 
362 473 513 556 
123 329 344 819 
135 220 
632 672 701 
187 192 400 520 
148 612 715 740 
13 236 340 529 
122 657 
534 661 786 
458 705 
104 198 835 926 
269 754 805 923 
9 571 782 846 
65 335 
96 836 897 946 
303 433 499 918 
244 427 
334 659 696 937 
64 331 594 633 
49 366 430 779 
790 869 
70 297 
271 925 
381 465 
137 602 671 820 
431 662 717 927 
186 294 
399 728 808 929 
297 320 948 
37 116 764 942 
584 733 748 855 
84 561 
24 335 470 
411 550 791 937 
132 135 525 
173 384 676 678 
150 418 898 
154 670 
61 130 582 692 
489 576 720 823 
179 238 239 609 
130 674 734 749 
222 445 
146 566 831 
614 775 
374 866 
64 348 618 
92 143 
141 294 756 
491 515 783 812 
488 665 
557 824 825 881 
453 821 
26 152 300 715 
196 262 618 
342 620 811 829 
668 830 
767 889 
7 375 790 852 
48 505 
110 726 
107 593 794 
230 412 628 
87 220 300 
124 516 876 
721 867 
65 245 375 924 
680 818 840 
255 698 879 
215 530 
34 578 
313 370 442 586 
210 361 886 890 
36 285 
469 546 786 793 
39 129 749 
495 628 
302 315 
446 719 
677 846 932 
46 941 
62 274 337 916 
126 211 480 
518 678 697 928 
353 767 
449 535 852 
251 856 
6 112 352 459 
95 472 598 
66 254 429 468 
51 534 659 683 
588 613 
26 604 
14 21 145 444 
462 661 723 761 
286 552 640 
407 617 765 880 
31 905 
319 552 671 771 
585 623 894 
248 701 
224 673 707 798 
327 383 736 906 
326 493 
31 58 189 616 
183 718 748 921 
120 359 626 
85 471 835 864 
369 391 467 521 
171 801 
479 520 529 785 
897 951 
4 693 
85 356 562 823 
67 187 340 559 
86 275 381 929 
128 675 
264 312 447 842 
111 391 438 467 
461 641 753 816 
76 245 801 
413 416 751 
272 463 481 758 
212 368 405 912 
425 522 584 917 
162 409 652 913 
58 453 544 712 
103 296 367 867 
553 686 688 
153 656 856 872 
45 82 547 632 
221 508 784 
221 234 374 906 
349 633 
53 439 655 744 
93 408 892 901 
527 827 
81 214 216 436 
39 110 408 516 
418 645 
415 746 814 
208 468 
757 858 
131 364 458 
437 579 585 938 
435 603 
95 260 611 622 
109 756 
109 512 
592 896 
249 289 573 589 
526 691 849 
202 277 524 
787 810 941 
48 176 637 
191 644 
159 311 377 527 
111 235 257 461 
117 259 267 742 
162 600 
27 337 
240 863 
117 253 506 
47 237 386 610 
512 898 
147 514 
266 344 819 909 
293 718 
73 437 565 763 
424 834 944 
204 361 449 
128 278 
140 419 466 864 
244 312 
351 916 
106 113 170 219 
615 858 872 
112 255 566 865 
28 125 543 699 
142 554 
169 806 840 848 
859 917 
59 949 
403 452 
747 879 920 
347 497 820 877 
268 636 800 922 
519 878 
32 256 341 
218 346 
84 321 732 768 
623 651 763 945 
591 616 657 
43 175 350 953 
144 606 726 794 
148 315 
695 787 
716 792 807 815 
247 357 695 
282 724 
199 333 
189 286 843 
392 491 562 
251 530 
199 849 
466 596 933 
610 656 891 
153 302 372 575 
54 215 321 387 
193 273 283 
388 413 
172 474 608 882 
91 193 
120 169 679 881 
345 730 
179 478 770 
322 345 
456 457 646 
843 890 911 
358 477 
254 751 806 
123 265 
119 152 243 273 
115 299 
307 387 392 923 
121 885 
422 817 
178 567 
157 728 
201 409 
44 301 
9 444 600 603 
295 541 560 754 
57 489 635 791 
115 873 
324 417 
32 685 
581 874 
200 672 
278 558 689 939 
160 626 
257 645 809 816 
452 511 
81 196 338 581 
190 191 617 
305 350 365 799 
460 693 
19 595 805 900 
223 284 523 629 
210 272 494 
55 499 
642 796 
357 834 851 
16 180 439 588 
209 833 
490 605 
378 639 673 
50 90 687 783 
575 730 
233 441 798 851 
114 274 833 939 
202 243 860 
455 605 
228 253 757 
443 639 
66 709 
83 127 
86 281 648 731 
241 630 865 
371 687 
36 318 
484 643 698 716 
739 907 
395 602 742 871 
394 665 
331 694 
549 713 
360 828 
69 559 762 
638 690 845 868 
62 540 
203 290 
91 691 
201 207 435 684 
339 607 674 692 
170 707 901 926 
385 438 447 
430 601 809 924 
131 893 
318 523 
163 226 389 554 
23 599 899 
487 510 904 948 
195 396 486 706 
74 97 98 
200 240 477 708 
451 561 
121 428 802 
98 206 420 
165 532 
217 276 524 741 
348 376 
457 689 747 888 
362 531 
158 537 
365 855 
4 498 
436 535 
493 551 780 950 
232 373 
454 542 644 933 
225 349 
149 317 568 
15 46 307 741 
621 836 
194 700 778 868 
14 682 
567 889 
354 386 796 
213 227 283 353 
378 389 390 797 
16 225 593 
325 548 
498 636 648 822 
492 541 
358 758 
175 234 236 
168 555 640 
76 204 
57 550 
285 313 627 750 
11 157 164 
664 700 788 845 
134 887 
184 280 650 838 
47 161 663 
78 151 433 556 
314 660 904 914 
182 658 839 850 
293 323 
80 108 
59 320 903 
75 642 
78 246 634 925 
364 371 382 653 
126 714 
419 880 
343 533 625 828 
155 753 832 
119 795 
77 572 
760 829 853 
440 721 
397 922 
29 67 145 
292 954 
647 909 
531 918 
511 611 
539 919 
549 812 
12 583 589 
421 490 708 934 
429 682 
553 752 
3 93 177 696 
711 902 
41 762 775 777 
354 500 920 921 
261 735 
509 875 
264 265 
328 423 428 486 
759 854 
229 377 
252 263 951 
203 426 
216 612 
100 103 
138 147 685 831 
102 309 560 859 
138 915 
670 745 842 
427 483 568 
0 569 
434 714 
8 402 469 
322 341 827 
188 443 
577 613 
597 766 
143 637 
281 379 485 504 
398 502 
328 464 573 706 
89 914 
172 752 
228 609 
690 760 
18 482 496 720 
50 79 197 241 
404 475 660 
17 192 
79 309 528 765 
100 776 
563 702 729 946 
448 755 
259 847 
124 133 242 406 
744 807 
446 460 
83 536 
72 231 262 713 
42 174 183 944 
434 545 
317 372 
63 729 940 943 
306 804 
34 105 139 861 
622 733 
649 776 
60 414 
12 517 862 
94 232 441 597 
5 181 291 702 
180 367 369 380 
242 668 
416 694 
586 624 
502 667 766 837 
363 789 
290 403 404 641 
411 710 
394 664 
902 910 
166 912 
410 455 
319 877 
260 412 780 781 
368 545 
164 306 
113 624 
23 38 501 
213 299 338 
755 892 930 
56 224 425 579 
19 415 543 614 
222 464 526 
352 382 803 808 
250 574 895 
8 248 
528 631 
125 140 492 596 
310 332 462 
249 896 
136 456 
580 878 
332 883 
485 514 727 
261 450 483 
209 282 330 725 
218 405 
211 314 768 781 
478 740 821 
82 142 
432 503 679 782 
71 517 
267 874 
304 472 
778 919 
388 395 
30 903 
522 837 
40 333 475 481 
106 482 745 810 
87 287 
60 406 582 734 
49 263 
42 74 814 943 
96 576 676 
570 571 
136 336 
5 841 
141 519 
308 899 
407 792 
363 410 
246 473 634 635 
494 521 536 717 
390 426 
176 385 
40 72 105 532 
28 393 
379 465 547 731 
860 866 
643 653 684 711 
208 771 
277 422 484 
68 122 
355 680 
88 336 
537 802 
887 950 
174 650 938 945 
325 470 
149 886 
137 817 
33 544 
1 654 
61 301 
11 652 
229 506 
154 156 303 305 
25 182 
205 397 
334 619 854 934 
77 590 
569 615 735 
37 900 
355 710 
197 226 861 891 
144 509 627 884 
92 681 
188 239 
356 563 738 799 
238 595 
289 448 
555 947 
80 683 
908 930 935 936 
515 598 
269 270 587 773 
323 772 
88 185 712 
769 774 
500 947 
518 759 
24 580 
230 396 440 732 
75 231 360 669 
287 420 
102 342 
774 907 
488 631 
442 454 
177 268 373 703 
116 599 
186 654 
343 414 423 533 
235 450 
10 104 704 789 
607 619 
723 839 
10 663 770 
304 876 
1 68 
45 655 
237 667 
52 574 788 
393 853 931 
370 538 
279 591 908 927 
20 33 
471 883 
476 542 928 
797 915 
51 750 
308 847 
291 942 
44 339 761 795 
194 564 587 
70 158 
159 205 
21 496 
621 703 
649 905 
71 399 
53 258 
233 813 
114 330 380 
35 953 
401 638 
54 646 
577 709 
25 247 280 940 
133 329 
882 888 
625 736 803 804 
270 686 722 
20 719 
592 620 
227 431 773 
326 658 
558 677 746 
38 52 
507 832 893 
266 727 
27 347 743 
219 513 935 
480 666 
171 432 869 871 
3 223 279 507 
688 722 
504 604 
207 505 
22 89 551 669 
165 913 
206 738 825 
43 118 
73 181 
800 848 
173 310 697 894 
22 90 195 
351 931 
108 184 271 298 
55 56 97 99 
134 288 
17 606 
7 497
