276 482 
163 189 557 843 
15 902 
263 501 
12 917 
8 11 22 
18 201 844 851 
26 47 
7 57 777 841 
48 51 
70 187 
2 36 
13 41 140 142 
46 56 168 941 
50 67 82 182 
14 16 17 264 
26 64 
30 31 33 257 
31 65 832 904 
24 34 40 58 
6 40 
51 60 271 941 
159 209 
27 33 
19 38 50 167 
188 219 271 274 
45 58 59 922 
11 44 160 245 
44 57 
135 176 
28 55 63 66 
17 21 38 953 
18 19 21 66 
37 187 
49 52 176 953 
68 203 204 920 
23 28 67 921 
13 15 135 917 
46 514 943 
30 60 61 97 
313 839 951 
78 839 
108 169 260 400 
101 944 
53 64 102 190 
151 284 398 
16 53 55 950 
248 277 497 
61 96 507 852 
127 148 
833 834 836 837 
102 105 107 167 
74 509 
75 401 403 535 
85 405 
81 91 171 
90 94 103 161 
78 100 160 171 
84 94 99 399 
355 377 
88 241 
76 110 111 116 
118 252 
27 256 257 512 
117 386 935 
106 110 169 447 
108 116 122 449 
133 166 
120 548 549 813 
129 948 
181 242 426 
115 126 523 765 
239 254 
144 151 
41 88 137 165 
125 126 146 152 
109 192 643 704 
143 147 150 155 
139 143 
25 137 175 
6 144 152 155 
164 170 
86 147 154 165 
9 125 127 132 
141 153 
54 80 157 170 
93 138 141 149 
14 49 161 514 
59 210 213 
157 211 
142 168 
134 145 146 448 
121 164 
162 163 
77 399 906 
139 140 150 401 
23 132 149 153 
124 173 751 907 
250 486 
25 245 
230 234 236 337 
9 391 758 
77 128 644 704 
20 498 
115 131 251 774 
111 186 
244 920 
194 196 207 209 
79 84 196 244 
193 220 
243 575 
48 191 
159 205 
114 286 
188 190 
212 483 681 
69 202 218 
194 214 483 824 
198 206 208 847 
10 479 947 
198 487 504 
39 62 210 213 
218 219 
193 217 
105 521 
32 34 
43 189 935 
197 273 
114 207 212 264 
156 206 
62 191 617 773 
225 230 402 
227 228 231 232 
223 232 234 238 
179 233 237 905 
177 178 179 258 
419 911 
178 233 
223 224 229 258 
249 911 
222 240 905 
35 237 249 645 
231 326 327 418 
224 227 
131 241 352 792 
235 247 261 
109 130 183 217 
45 175 
250 252 362 447 
439 487 
229 251 402 
174 183 222 
112 246 267 
256 838 
113 259 427 928 
24 113 
329 331 373 404 
29 682 
240 413 
81 837 
22 42 158 943 
259 293 333 
32 35 225 236 
746 758 760 776 
37 43 273 899 
185 422 
123 215 216 
74 269 811 813 
83 351 395 417 
318 355 376 380 
2 86 174 339 
282 285 429 
297 343 
80 408 
635 639 
195 652 
370 371 383 
313 375 389 664 
315 420 691 698 
395 415 437 444 
368 791 
265 295 546 658 
319 372 446 
365 424 
380 629 630 
282 295 323 650 
347 379 393 428 
292 358 415 949 
306 434 
305 310 319 605 
322 382 
289 565 671 685 
307 308 364 954 
263 604 727 932 
288 289 291 325 
300 394 
285 292 791 952 
301 384 454 
290 309 340 705 
366 372 381 
299 308 936 
615 647 796 939 
302 353 379 656 
316 350 681 945 
384 592 
101 335 511 903 
400 495 915 
442 946 
335 337 
326 330 334 532 
177 327 334 
328 923 
133 279 
265 287 301 371 
351 646 
276 888 
283 348 394 436 
162 385 387 
296 356 363 
349 391 655 663 
321 342 346 347 
69 356 
344 945 
106 321 376 
341 352 443 
318 354 367 413 
294 320 
310 350 449 934 
268 368 374 387 
369 370 392 396 
381 382 389 
298 364 397 417 
278 357 363 453 
226 375 647 
112 341 
317 378 659 
253 266 361 438 
226 362 369 377 
266 388 
388 457 954 
441 916 918 
134 166 393 
361 386 
345 346 360 679 
450 452 638 
359 452 
117 180 353 
268 448 
344 570 
277 408 
180 365 
63 89 91 409 
92 99 100 906 
98 104 
221 532 
29 331 442 930 
154 284 
437 443 
312 354 357 
262 439 440 
299 367 
410 421 423 431 
366 396 
424 425 
262 414 
39 130 136 423 
416 422 
420 433 440 441 
70 128 416 770 
432 433 445 928 
426 431 432 
298 444 
425 428 429 
290 303 
305 324 563 853 
392 407 
411 421 
247 414 
123 278 287 385 
261 348 434 436 
246 390 
118 359 360 438 
446 634 
480 515 628 707 
314 643 
76 311 349 374 
339 640 
124 463 474 475 
239 660 806 907 
300 844 
461 519 
466 500 817 819 
0 493 
119 200 589 696 
749 802 
705 762 
461 468 493 501 
5 148 653 922 
458 494 877 888 
468 484 
120 471 792 823 
470 685 
280 926 
472 475 
455 652 
455 473 477 
275 550 778 929 
485 879 
75 821 
205 919 
760 797 
56 199 541 617 
0 761 
469 926 
473 474 715 884 
202 488 
254 919 
490 494 512 806 
489 763 
492 822 
158 204 211 851 
462 466 636 
85 328 398 405 
208 847 848 908 
72 83 779 
445 504 778 909 
5 460 534 799 
526 775 783 841 
507 782 821 944 
476 498 680 692 
510 518 519 
92 403 427 503 
459 517 949 
499 522 527 
65 508 516 517 
7 947 
513 852 
508 513 
506 511 
531 542 
526 777 
531 780 
332 831 923 
521 525 776 779 
523 524 
332 333 538 
505 542 767 831 
79 93 95 904 
527 537 538 539 
336 536 539 946 
336 373 537 
495 536 849 910 
329 901 
524 771 
666 701 
195 723 
712 859 
544 674 937 
286 297 544 
203 846 
68 173 272 593 
136 281 579 680 
623 916 
554 689 
557 682 
552 558 734 
914 936 
1 553 950 
619 721 
451 623 746 
216 543 750 754 
304 585 
435 591 
435 859 
604 924 
457 676 716 
594 640 714 857 
412 578 641 
568 577 710 872 
633 649 657 940 
581 595 
571 574 718 
574 599 602 648 
572 624 
610 744 
607 641 
590 622 697 
550 937 
599 876 
571 621 664 872 
627 925 
602 875 
566 712 
562 744 
634 683 
709 754 790 912 
463 756 
654 726 
588 596 873 
588 603 671 942 
706 711 755 
563 580 594 701 
755 795 862 
324 669 
573 893 
280 939 
590 864 
564 691 861 933 
663 711 
565 595 601 
598 683 805 929 
686 721 
467 569 
430 570 656 657 
576 612 882 
586 613 673 
585 613 933 
586 611 
616 749 
666 675 
492 614 670 
1 489 616 843 
748 757 
71 667 
668 695 
625 856 
578 581 583 925 
551 560 
587 625 
621 624 
582 870 
582 587 
430 638 
629 658 
628 637 
412 562 
639 814 
633 655 
632 940 
293 296 340 630 
622 654 
642 653 659 
690 865 
107 215 270 952 
575 645 
121 221 644 
248 342 
378 454 615 
573 635 
311 547 
609 631 
608 632 637 924 
291 322 651 927 
304 867 
307 932 
451 603 
288 294 
345 672 865 
725 793 
693 845 889 
695 698 700 
481 598 
47 620 
561 592 
665 927 
119 456 611 897 
274 546 706 889 
794 867 
703 713 
491 703 751 797 
320 410 687 694 
649 651 674 767 
197 464 
260 465 686 694 
750 798 
358 453 471 
606 717 
4 8 756 757 
549 552 693 858 
796 879 
677 798 
459 660 708 720 
593 605 687 689 
411 679 
620 795 
699 700 730 
606 672 
696 723 737 931 
752 931 
478 668 
543 699 
759 768 
567 715 730 753 
315 465 816 
555 567 731 734 
607 707 
713 898 
568 591 
553 600 
485 597 714 785 
303 708 
89 609 662 729 
220 878 
864 877 
122 186 279 766 
697 722 
881 886 
478 515 
737 739 742 743 
736 743 854 
732 741 
717 732 
556 736 
729 740 
742 914 
555 728 
726 741 
731 738 
739 854 
727 738 
735 740 
559 576 
678 790 
192 383 560 
618 716 787 
618 725 
799 820 
558 678 
496 753 
752 818 
561 619 
596 684 
316 589 614 688 
688 951 
242 243 921 934 
72 516 768 828 
267 848 
104 824 
490 814 
820 827 
720 826 
52 759 785 786 
406 787 789 800 
502 772 783 
87 766 782 829 
788 829 
129 172 182 530 
525 528 529 
497 530 
98 529 702 
784 833 835 
773 830 840 
522 786 
20 103 781 784 
769 853 
771 772 775 938 
828 840 
747 913 
325 808 
684 803 
450 745 
670 747 
82 690 
306 480 
469 491 794 
769 812 
807 819 
464 807 812 855 
460 500 636 724 
804 808 810 
456 482 825 
762 801 818 
800 804 809 
499 817 
172 275 692 909 
518 774 
510 763 
10 540 780 803 
815 822 825 826 
764 810 
827 855 
503 805 
470 815 816 
199 801 
4 823 846 
462 765 
764 793 
724 788 
770 938 
96 836 
533 534 
255 902 
87 502 
97 842 908 
535 830 900 
54 407 
255 832 835 900 
520 528 789 
3 781 
42 509 
214 845 
481 667 
71 479 
201 496 
505 506 850 910 
745 761 
802 850 
626 748 
809 856 860 
281 548 860 875 
467 545 
857 858 
878 885 887 
545 709 
631 896 
73 719 
627 665 
869 871 
661 675 
883 899 
866 894 
181 184 626 874 
866 869 874 
569 580 
584 876 
870 871 
3 583 
577 710 
719 884 
676 873 
477 584 597 601 
564 887 
579 722 
314 677 
861 868 896 
283 323 
572 893 
862 890 
863 880 
309 343 
184 733 863 883 
269 272 886 898 
892 895 
891 895 
882 885 
891 892 
673 913 
610 890 
270 646 811 868 
73 842 
36 834 838 
95 418 419 901 
235 918 
90 145 406 409 
12 138 200 948 
185 540 849 
228 238 
566 942 
881 897 
554 733 
330 338 533 
551 718 
156 486 488 
338 903 915 
312 608 
472 484 
669 880 
253 404 541 930 
458 476 520 
662 894 
559 612 
317 556 
547 650 
600 642 
648 912 
390 397 
702 728 735 
302 661 
