0 0 
1 60 3 4 5 
2 75 2 4 5 
3 100 3 
4 0 
5 0 
6 50 9 
7 50 8 
8 0 
9 50 12 
10 50 11 
11 100 17 
12 100 13 14 17 
13 100 13 14 
14 100 15 16 19 20 21 22 
15 100 15 16 18 21 22 
16 100 18 19 20 
17 100 24 25 26 29 31 
18 100 23 30 31 
19 100 24 29 
20 0 
21 100 25 26 
22 80 23 27 28 30 
23 66 39 40 
24 100 34 36 
25 100 33 36 
26 100 37 38 
27 100 33 34 35 38 
28 100 35 37 
29 50 32 
30 0 
31 0 
32 100 44 45 46 
33 66 45 46 
34 100 43 44 
35 100 49 51 52 53 
36 100 47 48 51 52 53 
37 60 42 47 50 
38 100 48 49 
39 0 
0 100
