82 206 
12 14 17 
3 4 7 8 9 20 

10 18 19 
2 5 6 18 19 
15 16 
1 14 
1 12 17 
11 13 16 
11 13 15 
2 3 4 5 6 7 8 9 10 20 
341 342 343 344 
25 35 36 
23 24 35 36 51 52 53 
33 34 
29 30 295 296 299 300 
300 
54 
26 
23 24 25 51 
48 
42 43 44 47 
37 38 45 46 48 
47 
39 41 
40 46 
37 40 45 
39 42 43 44 
38 41 
63 
52 53 
26 27 31 32 33 34 55 56 57 58 
57 58 
27 55 
31 32 54 56 
66 67 
64 
65 68 
49 50 60 61 64 
60 61 
62 68 
59 67 
59 66 
49 50 62 63 65 
70 71 72 73 268 
72 
69 73 
70 268 
69 71 
77 78 190 
74 79 189 
190 
75 76 189 
89 90 
0 206 
88 91 92 
80 81 86 87 89 90 
83 84 85 88 91 92 
86 87 
80 81 84 85 
83 
94 95 96 97 98 99 102 103 
93 
100 101 102 103 
93 94 95 96 97 98 99 100 101 

104 105 106 107 110 111 112 113 114 115 
109 114 115 
108 113 
104 105 106 107 108 109 110 111 112 
122 123 124 126 127 
125 
116 117 120 121 126 127 
118 119 
116 117 118 119 120 121 122 123 124 125 
131 132 133 134 135 136 137 138 
128 
129 130 135 136 137 138 
128 129 130 131 132 133 134 
140 141 142 145 146 147 148 

139 140 147 
141 142 143 144 148 
139 145 
143 144 146 
207 208 
155 156 157 
161 168 
163 
150 151 156 157 158 159 160 209 
151 158 159 160 209 
150 155 

152 168 
164 169 
153 154 
162 169 
166 167 
165 167 
152 153 154 161 162 163 164 165 166 
171 174 175 
174 175 
173 176 177 
170 172 176 177 
170 171 172 
173 
180 
178 179 
187 188 
181 187 188 
186 
182 183 184 185 
178 179 180 181 182 183 184 185 186 
74 75 76 77 78 79 
273 274 
204 205 
202 
193 194 196 197 
193 194 195 197 
195 196 
202 203 
200 201 
199 
198 203 
198 199 200 201 
192 272 
0 82 149 207 208 
149 
213 214 215 216 217 218 219 225 226 
210 211 212 217 218 219 225 226 
211 212 214 215 216 
222 223 224 230 231 
220 221 231 
230 
210 213 
232 233 234 235 236 237 238 239 
220 221 222 223 224 
227 
228 229 237 238 239 
227 228 229 232 233 234 235 236 
244 245 246 247 248 249 250 
240 241 242 243 247 248 249 250 
240 241 242 243 244 245 246 
255 
254 259 
253 259 
251 252 
257 258 
256 258 
251 252 255 256 257 
253 254 
264 265 266 267 270 271 
269 
261 
270 271 
260 262 263 
260 261 262 263 264 265 266 267 269 
192 204 205 
191 274 
191 272 273 
281 292 
282 284 285 
278 282 283 
277 279 280 283 
275 292 
276 284 285 
277 278 
276 
288 289 290 291 348 
286 287 348 
275 279 280 281 
301 302 308 
28 299 
293 301 303 304 305 306 307 
28 29 30 295 296 
293 298 
294 308 
297 298 306 307 
297 303 304 305 
294 302 
313 314 316 318 319 
315 317 
309 310 318 
311 319 
312 317 
309 310 311 312 313 314 315 316 
323 327 
320 321 324 325 326 327 
322 326 
320 321 322 323 324 325 
331 332 333 334 
328 329 330 333 334 
328 329 330 331 332 
337 338 339 340 
335 336 339 340 
335 336 337 338 
21 22 344 345 346 347 
21 22 342 343 
347 
341 345 346 
286 287 288 289 290 291 
0 10
