350 351 
8 145 146 148 149 150 
3 147 148 149 150 
78 253 254 255 256 257 258 259 260 

65 343 
303 305 
204 205 
66 74 
27 79 
25 79 
31 32 33 97 98 99 100 101 
243 
28 29 30 100 101 243 
371 
37 
35 36 39 405 406 407 408 409 410 411 
35 36 37 38 405 406 407 408 409 410 411 
47 48 62 
61 
281 288 289 290 291 292 295 296 297 
41 42 43 44 45 49 50 51 61 62 

55 56 57 58 59 60 63 64 151 
52 151 
54 
41 42 43 44 45 47 48 49 50 51 
53 
14 15 16 343 
23 74 
70 71 72 73 75 
75 
24 67 68 69 
23 24 66 67 68 69 70 71 72 73 
80 81 82 96 270 
9 260 
25 26 27 76 77 82 86 96 270 
26 76 80 81 

89 93 
83 84 85 90 91 92 94 95 
87 93 
88 94 95 
83 84 85 87 88 89 90 91 92 
77 86 
99 
31 32 97 98 
28 29 30 33 
103 106 107 108 109 248 

110 
102 103 104 105 106 107 108 111 112 248 
104 105 110 
117 119 120 121 426 
113 114 
427 428 
426 
115 116 118 427 428 
128 129 
122 125 126 128 129 130 131 132 133 154 
154 
134 135 
122 123 124 131 132 133 
123 124 130 
127 
136 137 138 141 142 143 153 
139 140 143 153 
127 134 135 136 137 138 139 141 
398 399 400 403 404 423 424 429 430 
4 5 
6 7 
3 6 7 8 147 
4 5 145 146 
52 53 54 55 56 57 58 59 60 63 64 
384 385 387 421 422 425 
140 142 
125 126 
160 164 
157 161 
156 161 162 163 
165 169 
155 164 
156 157 163 
155 158 159 160 162 169 
170 171 174 
158 159 165 
166 167 168 172 173 174 175 176 181 182 
166 167 168 175 176 181 182 
170 171 
172 
187 189 190 
184 188 
173 
185 186 
179 180 183 188 
177 178 179 180 183 184 185 186 187 189 190 
177 178 
194 195 
196 201 
191 195 
191 193 
192 201 
202 
197 198 200 202 
193 199 
192 194 196 
197 198 199 200 
206 208 
21 22 
203 208 209 210 211 
20 21 22 203 204 205 206 207 210 211 
20 207 209 
227 228 
216 217 
214 215 
212 213 223 224 225 226 227 228 
237 239 
220 221 226 
218 219 
212 213 218 219 220 221 223 224 225 
235 
236 
238 
222 229 230 231 232 233 234 238 239 
222 229 230 231 232 233 234 235 236 237 
261 
249 
102 109 111 112 
244 245 246 247 250 251 252 
240 241 242 261 
10 11 256 
258 
11 253 
254 255 
9 10 78 257 259 
240 241 242 244 245 246 247 249 250 251 252 
265 266 267 271 272 286 287 

262 263 264 268 269 286 287 
279 280 282 283 284 285 
284 
46 293 
273 274 275 276 277 278 285 
273 274 275 276 277 278 279 280 282 283 
262 263 264 265 266 267 268 269 271 272 
46 281 290 291 292 293 294 295 296 297 

288 289 294 
17 303 306 
18 19 307 
17 298 299 305 306 
308 309 310 311 312 314 315 316 317 318 319 
18 19 300 301 302 307 
298 299 
300 301 302 
304 
314 315 316 317 318 319 
414 415 416 417 418 419 420 
304 308 309 310 
311 312 
322 328 329 330 
320 328 329 
324 325 326 327 370 
323 327 370 
321 324 325 330 
320 322 
321 
333 334 335 336 337 338 339 340 341 342 
331 
332 337 338 339 340 341 342 
331 333 334 
332 335 336 
0 1 2 12 13 14 15 16 65 350 351 
359 367 
348 366 
360 
345 366 367 
368 369 
0 1 2 12 13 
355 
361 364 
352 353 362 363 365 
344 346 347 349 368 369 
354 364 
356 357 358 365 
352 354 355 361 
353 356 357 358 362 363 
344 345 346 347 348 359 360 
349 
323 326 
34 40 
373 376 377 378 
34 40 371 372 374 375 376 377 378 379 
372 373 379 
374 375 
386 
152 387 
152 380 381 384 385 421 425 
394 395 396 397 
412 413 
388 389 390 391 392 

402 429 430 

38 39 
393 413 
388 389 390 391 392 393 394 395 396 397 412 
313 417 418 419 420 
214 215 216 217 313 414 415 
416 
382 383 422 
382 383 
144 401 
380 381 386 
113 114 115 116 117 118 119 120 121 
144 398 399 400 401 402 403 404 423 424 
0 11
