35 65 
34 64 
7 8 9 145 
14 44 
3 4 104 145 165 
17 37 
15 16 18 
5 6 
12 13 18 
5 6 11 12 13 14 15 16 37 44 
21 22 23 24 25 28 29 30 33 
19 20 24 25 
19 20 21 22 23 28 29 30 33 
31 32 36 
36 
0 1 2 26 27 31 32 64 65 
11 17 
41 42 43 47 
38 
39 40 45 46 47 48 60 61 
48 
38 39 40 41 42 43 45 46 60 61 
55 56 57 58 63 
53 62 
50 51 62 
52 63 
49 54 

49 50 51 52 53 54 55 56 57 58 
0 1 2 26 27 34 35 
67 70 71 72 73 74 75 
72 73 
66 74 75 76 77 
67 
66 71 
68 69 70 77 
68 69 76 
152 153 
164 
101 
87 98 102 
86 95 
84 95 
81 82 83 98 99 100 101 102 103 
92 93 94 96 
90 91 96 
85 89 
84 86 
85 89 90 91 92 93 94 
144 146 
81 82 88 103 
83 87 
88 99 100 
4 10 165 
130 131 132 
109 113 114 115 116 117 118 119 120 121 122 
108 116 
123 
118 119 120 121 122 
108 109 
113 114 115 117 
105 106 107 110 111 112 130 131 
154 166 
59 147 167 168 
97 128 129 144 146 148 149 150 
105 106 107 110 111 112 123 132 
151 
137 139 140 
135 136 139 140 141 142 143 
135 136 137 142 
138 143 
138 141 
127 148 149 150 
3 7 8 9 
97 128 129 
125 126 
127 
133 134 
78 79 80 164 
124 166 
159 160 
157 158 161 162 163 
156 161 162 163 
155 160 
155 159 
156 157 158 
78 79 80 133 134 151 152 153 
10 104 
59 124 125 126 147 154 167 168 
0 11
