1 484 
0 2 395 
210 721 
378 462 668 734 
240 252 806 
124 146 283 624 
172 458 
6 186 
37 268 
75 150 340 902 
138 788 790 852 
535 932 
503 517 
3 373 
242 408 640 
128 276 
150 641 
333 559 570 952 
156 359 
23 136 374 833 
407 450 
159 728 
164 346 
335 372 724 871 
18 106 
166 801 
163 459 554 
275 332 
13 145 495 628 
666 779 
889 905 
193 295 866 
208 274 
578 913 
380 843 
449 539 
474 793 
226 555 615 635 
223 627 884 
219 614 896 907 
25 305 
381 384 623 946 
601 769 
205 339 
686 822 
167 857 
161 260 
327 751 
88 743 
28 557 582 841 
631 862 942 
416 490 863 
417 669 
74 94 590 733 
342 762 
157 189 616 744 
288 773 
107 144 542 952 
539 844 895 916 
220 292 525 954 
344 653 819 
76 267 
203 523 
13 187 192 400 
239 463 
236 254 
575 580 860 
12 168 629 661 
252 257 
437 798 921 937 
55 94 99 754 
154 173 748 
65 776 
585 923 943 
745 787 941 
47 604 744 
61 479 786 935 
197 327 510 655 
207 366 
152 740 781 
70 297 
362 424 
561 580 
558 778 
369 662 
660 871 
86 929 
188 320 
681 826 
56 74 96 97 
171 497 631 954 
202 322 
349 411 464 791 
134 209 277 525 
184 562 623 894 
19 25 885 940 
531 576 670 695 
582 692 
738 777 
722 752 
225 240 438 
144 190 386 
133 255 
41 177 798 908 
43 83 245 715 
64 123 264 618 
87 488 501 679 
141 294 742 757 
44 527 
308 488 
140 250 
165 683 
715 887 
264 819 
375 410 878 
370 639 765 830 
59 84 179 767 
294 498 
15 701 
301 726 761 794 
603 619 
230 412 768 902 
361 799 
112 668 
147 616 
7 149 331 714 
193 646 
707 872 893 
530 672 815 
578 852 
120 313 318 426 
553 756 
342 357 371 414 
398 546 664 786 
60 61 364 
167 495 628 
5 868 
431 950 
89 149 
46 571 
83 577 953 
0 152 337 873 
562 678 823 
110 487 673 823 
297 436 467 647 
22 293 
352 739 
47 354 
225 550 638 877 
312 321 514 691 
23 33 613 654 
469 534 
145 381 
534 620 
251 286 
507 831 
100 335 
671 771 797 843 
548 552 
874 893 912 
113 707 
265 816 882 
319 915 
405 417 
838 921 
508 831 
489 572 834 
104 938 
922 953 
29 67 520 529 
268 713 944 
58 100 157 594 
191 356 364 855 
190 241 
91 626 824 
265 409 421 477 
198 257 
197 447 
21 684 711 816 
299 478 801 
199 403 483 547 
272 780 
162 653 
425 825 
468 515 594 
38 601 712 740 
35 103 822 867 
273 553 
314 325 
213 476 613 727 
212 453 547 632 
234 430 873 
231 290 418 452 
436 927 
279 350 696 901 
468 827 
214 784 
39 41 696 880 
491 622 
586 596 
587 643 719 
229 757 
228 519 686 858 
217 570 600 850 
235 236 
234 358 
109 239 311 
109 238 915 
427 906 
516 573 
282 330 
209 277 
247 509 
555 637 
442 454 797 
169 856 
407 461 
742 919 
69 215 600 846 
112 256 
255 840 865 
229 253 
161 610 
592 706 
263 266 267 736 
123 262 514 
431 772 
270 630 754 805 
384 834 
42 280 755 838 
243 348 916 
33 306 847 890 
306 326 
494 536 564 858 
432 880 
271 702 763 835 
680 704 
9 340 403 
142 426 
440 727 
207 420 542 598 
59 949 
390 593 733 749 
574 590 683 920 
45 497 856 
609 800 
117 519 
536 612 615 685 
346 655 680 939 
84 914 
572 943 
657 685 867 874 
118 658 
102 110 129 726 
148 315 
473 513 729 
663 770 
223 635 810 
282 541 
333 505 
189 890 
528 560 
111 118 363 848 
411 849 
140 275 554 586 
211 296 656 
302 311 372 790 
215 663 800 
26 273 278 446 
388 395 413 859 
54 135 
91 451 530 567 
244 382 610 689 
101 324 
179 478 575 577 
166 322 457 541 
194 480 
779 821 
4 48 66 
310 758 894 897 
618 649 671 709 
130 429 481 603 
81 736 
266 912 
479 607 910 
24 171 272 
391 397 
216 728 
368 675 
44 60 794 
69 155 
323 886 
57 393 687 
389 829 
463 721 
210 355 361 564 
717 903 
336 347 367 369 
216 684 710 
456 626 
377 632 899 
54 316 
710 716 
693 731 924 
371 396 513 
348 383 430 460 
558 568 705 861 
284 399 573 782 
163 413 532 687 
298 433 925 
445 526 698 808 
499 854 
82 447 
378 389 390 
175 338 605 708 
80 178 
26 175 304 809 
315 567 
233 248 441 829 
911 950 
20 451 569 
455 711 
540 607 
370 466 
396 419 802 
35 725 
195 281 648 731 
40 72 387 861 
99 585 864 
105 387 
415 503 543 596 
697 755 853 907 
432 576 875 
119 665 
379 465 
751 934 
839 865 
826 845 
331 385 581 741 
446 665 679 
77 203 881 
50 354 579 913 
11 82 535 633 
449 700 778 
170 408 746 
196 222 329 421 
218 694 
131 689 904 
475 764 788 
606 677 734 802 
53 652 
217 349 753 832 
269 270 630 805 
206 476 522 917 
128 385 409 438 
10 182 714 
379 464 
85 500 791 
284 285 523 781 
328 465 533 
344 693 832 
15 111 
18 362 885 925 
433 496 787 910 
276 595 645 
11 218 338 405 
269 356 762 
126 204 208 551 
232 373 
249 443 
442 454 
34 568 
198 307 
170 563 
36 469 804 888 
461 682 784 
470 656 
386 642 
213 227 253 587 
443 492 
445 625 645 783 
135 457 
647 821 
16 27 
548 840 
201 244 416 
141 259 295 325 
68 136 345 730 
419 486 796 
392 739 
200 588 848 
48 132 439 691 
202 402 512 
537 883 944 
770 812 815 818 
634 837 857 941 
73 305 644 851 
622 796 
196 675 
80 334 444 
153 288 302 817 
423 571 
174 897 
78 473 634 
169 366 391 911 
672 753 
428 533 593 706 
6 205 
116 119 143 795 
183 836 
53 176 429 
649 725 886 
296 498 599 922 
9 29 334 785 
63 482 875 940 
524 869 909 931 
365 745 
472 592 611 813 
121 343 486 692 
232 598 713 812 
12 517 
566 749 759 775 
199 307 682 
609 722 
93 901 927 930 
90 221 701 
14 151 246 
113 279 926 930 
172 261 898 
303 842 
262 931 
206 237 766 948 
177 589 775 
121 406 783 854 
529 559 674 
95 98 667 923 
114 127 375 402 
49 122 
222 363 435 849 
309 538 659 
187 192 400 520 
63 621 670 918 
36 427 
328 428 
137 224 291 434 
79 332 528 
293 827 
287 718 
164 353 
459 574 597 718 
8 540 
281 358 485 504 
304 807 
343 811 828 891 
89 767 
319 752 900 
117 228 506 
285 313 466 750 
246 651 720 855 
51 250 
87 321 660 881 
17 67 
309 659 
724 776 
104 154 271 
5 543 699 
31 286 460 876 
3 617 629 703 
320 336 
351 382 
30 101 833 
231 290 404 850 
151 481 642 
360 399 
148 317 
106 621 
40 224 475 491 
34 139 532 949 
511 584 
70 817 
490 521 741 951 
329 636 
98 441 597 705 
77 937 938 945 
227 453 643 
566 699 862 
55 56 836 
450 641 652 
545 768 
657 688 
254 404 452 557 
599 889 
394 546 
107 130 619 
323 456 
368 662 
289 448 518 550 
506 602 
237 859 
212 274 352 544 
124 415 492 777 
62 76 604 876 
58 132 484 
96 565 703 853 
650 772 814 933 
42 946 
510 932 
771 909 
39 884 
66 353 806 
723 747 764 795 
125 583 830 933 
462 760 
201 376 846 
435 455 
458 588 
471 792 
310 437 556 763 
261 483 
317 524 
81 214 248 439 
122 314 
299 789 860 
636 804 
79 242 357 560 
71 538 
16 88 467 605 
21 646 
318 700 712 
508 809 
30 903 
522 732 917 
589 674 
531 918 
434 637 
485 863 
176 263 735 
702 748 
565 617 673 
289 509 
65 186 220 716 
92 143 793 942 
8 52 681 
165 377 
72 412 803 904 
690 747 760 761 
732 837 
93 219 892 935 
180 200 698 717 
142 664 
280 676 814 835 
423 516 828 
86 648 929 
138 872 
355 367 
312 376 526 625 
502 549 
24 127 300 
410 489 
57 887 
545 803 
471 502 766 920 
191 556 
345 730 
115 440 
638 661 818 824 
544 561 
380 388 
129 301 
137 879 
337 847 
303 810 
247 695 729 936 
563 579 
64 178 
444 737 
173 174 350 
521 581 
221 422 735 808 
19 78 482 499 
690 900 
841 868 
398 934 
105 258 418 948 
238 259 719 878 
595 899 
448 627 
27 640 811 947 
168 339 669 845 
401 512 591 908 
500 584 
773 870 
472 537 
131 185 235 612 
651 723 774 
769 792 799 951 
518 759 
68 324 
204 914 
75 891 
420 515 
102 392 
774 947 
394 474 
249 644 
842 851 
32 116 316 422 
159 820 
406 414 
477 906 
650 789 839 
365 785 
10 251 
158 181 
188 283 
158 608 
260 425 667 
92 401 
226 393 
125 614 624 639 
182 591 
20 180 
120 181 183 883 
898 928 
256 807 
583 919 
300 308 
52 895 
28 37 50 51 
194 287 
2 45 
22 211 292 905 
46 737 
95 611 945 
162 330 347 527 
360 743 
258 633 
184 676 720 738 
32 114 
245 654 756 939 
146 750 
139 185 
43 470 709 866 
156 496 
133 383 
241 888 
397 694 
341 493 
1 608 
97 359 620 678 
688 924 
326 658 
14 677 746 782 
62 844 
155 487 
38 160 243 758 
291 552 
507 892 926 936 
341 374 480 666 
31 869 
85 160 424 765 
820 870 877 
4 49 147 504 
230 505 511 882 
493 551 780 
71 602 
549 825 
501 879 
73 704 
115 494 
108 233 697 813 
90 195 708 
126 351 
108 298 928 
864 896 
103 134 
17 606 
7 153 278 569 
