0 406 611 
1 210 630 
2 15 434 
3 177 599 
4 92 115 
5 290 352 
6 89 517 
7 312 585 
8 51 558 
9 61 304 
10 156 538 
11 94 609 
12 195 620 
13 472 531 
14 289 601 
15 290 352 
16 164 500 
17 143 616 
18 234 612 
19 180 544 
20 24 58 
21 58 419 
22 120 151 
23 321 543 
24 20 336 
25 541 584 
26 41 42 
27 137 336 
28 60 118 
29 90 633 
30 166 231 
31 294 422 
32 12 449 
33 123 449 
34 461 470 
35 361 482 
36 278 524 
37 358 371 
38 139 281 
39 394 468 
40 220 494 
41 76 223 
42 414 537 
43 237 265 
44 26 306 
45 331 334 
46 295 348 
47 168 347 
48 214 374 
49 187 501 
50 437 525 
51 111 402 
52 131 584 
53 111 617 
54 444 560 
55 357 553 
56 99 523 
57 124 493 
58 69 589 
59 368 550 
60 20 24 
61 440 450 
62 88 471 
63 27 118 
64 387 396 
65 189 599 
66 98 260 
67 312 585 
68 527 596 
69 72 236 
70 144 176 
71 476 629 
72 56 210 
73 208 615 
74 93 172 
75 66 460 
76 513 566 
77 132 342 
78 224 342 
79 384 387 
80 209 394 
81 243 613 
82 443 564 
83 82 301 
84 117 297 
85 401 633 
86 235 277 
87 78 413 
88 183 291 
89 109 203 
90 244 357 
91 206 464 
92 189 581 
93 38 259 
94 60 118 
95 6 488 
96 28 633 
97 356 611 
98 183 280 
99 381 429 
100 4 115 
101 420 456 
102 11 462 
103 206 464 
104 184 250 
105 220 494 
106 4 115 
107 63 481 
108 28 633 
109 18 54 
110 365 478 
111 129 441 
112 292 415 
113 52 306 
114 570 622 
115 154 513 
116 462 609 
117 391 567 
118 533 576 
119 84 203 
120 488 517 
121 499 617 
122 103 560 
123 263 319 
124 295 398 
125 4 316 
126 51 582 
127 417 626 
128 79 297 
129 27 88 
130 170 415 
131 526 616 
132 197 458 
133 92 316 
134 263 345 
135 388 618 
136 174 631 
137 298 522 
138 84 203 
139 158 240 
140 171 506 
141 101 445 
142 313 413 
143 50 519 
144 74 342 
145 138 474 
146 338 467 
147 436 540 
148 530 552 
149 24 336 
150 45 133 
151 165 608 
152 214 561 
153 555 565 
154 165 339 
155 227 264 
156 17 526 
157 67 176 
158 507 548 
159 70 286 
160 157 195 
161 228 594 
162 150 172 
163 149 172 
164 554 626 
165 17 22 
166 207 284 
167 283 529 
168 105 513 
169 86 206 
170 23 577 
171 147 550 
172 127 540 
173 212 232 
174 16 257 
175 173 536 
176 246 453 
177 212 574 
178 215 323 
179 233 281 
180 402 500 
181 139 608 
182 29 231 
183 242 344 
184 45 205 
185 492 600 
186 119 627 
187 245 508 
188 149 150 
189 161 215 
190 124 597 
191 379 448 
192 144 486 
193 3 189 
194 545 546 
195 493 597 
196 19 614 
197 126 203 
198 367 459 
199 232 574 
200 83 280 
201 96 250 
202 535 547 
203 499 558 
204 47 558 
205 452 549 
206 452 549 
207 75 581 
208 208 542 
209 294 422 
210 325 330 
211 174 370 
212 202 218 
213 147 157 
214 349 360 
215 458 503 
216 273 534 
217 261 573 
218 375 504 
219 49 624 
220 216 218 
221 84 126 
222 273 534 
223 267 510 
224 138 168 
225 347 603 
226 147 368 
227 155 464 
228 215 536 
229 152 284 
230 70 615 
231 75 394 
232 56 69 
233 353 504 
234 159 232 
235 341 363 
236 88 302 
237 329 536 
238 202 366 
239 317 604 
240 202 594 
241 512 544 
242 38 494 
243 138 300 
244 143 526 
245 275 602 
246 74 132 
247 299 511 
248 386 442 
249 322 552 
250 230 484 
251 305 483 
252 228 594 
253 222 526 
254 393 418 
255 212 574 
256 228 230 
257 36 163 
258 409 612 
259 81 277 
260 66 460 
261 41 533 
262 249 428 
263 309 539 
264 185 252 
265 309 399 
266 376 559 
267 76 256 
268 85 553 
269 153 508 
270 213 263 
271 380 635 
272 283 508 
273 276 556 
274 276 556 
275 254 459 
276 96 184 
277 145 507 
278 185 535 
279 367 459 
280 459 510 
281 113 453 
282 223 602 
283 16 402 
284 239 539 
285 87 416 
286 3 37 
287 63 98 
288 77 312 
289 282 595 
290 122 246 
291 213 255 
292 136 142 
293 349 360 
294 461 583 
295 41 578 
296 222 616 
297 218 594 
298 204 253 
299 410 439 
300 314 385 
301 515 518 
302 380 428 
303 277 448 
304 317 465 
305 198 296 
306 38 87 
307 225 634 
308 223 613 
309 249 556 
310 81 235 
311 152 207 
312 369 491 
313 183 291 
314 36 163 
315 262 595 
316 153 529 
317 152 207 
318 190 551 
319 146 615 
320 291 333 
321 129 445 
322 454 575 
323 5 352 
324 83 280 
325 226 627 
326 192 330 
327 191 422 
328 351 549 
329 273 632 
330 79 117 
331 332 606 
332 227 324 
333 372 406 
334 78 130 
335 214 407 
336 281 339 
337 534 632 
338 9 387 
339 198 296 
340 507 548 
341 229 260 
342 103 444 
343 11 497 
344 499 501 
345 239 241 
346 253 367 
347 128 392 
348 7 64 
349 130 457 
350 160 500 
351 30 191 
352 269 385 
353 173 323 
354 437 525 
355 4 115 
356 217 272 
357 271 569 
358 255 341 
359 263 453 
360 36 254 
361 505 543 
362 227 324 
363 215 329 
364 322 552 
365 192 330 
366 345 363 
367 322 530 
368 430 570 
369 331 334 
370 323 466 
371 192 293 
372 43 328 
373 298 606 
374 280 287 
375 474 603 
376 328 331 
377 97 378 
378 24 137 
379 332 606 
380 134 467 
381 139 303 
382 300 591 
383 213 319 
384 217 272 
385 74 132 
386 421 583 
387 167 354 
388 217 317 
389 492 600 
390 122 326 
391 161 173 
392 381 509 
393 205 603 
394 44 351 
395 44 351 
396 196 360 
397 178 545 
398 56 210 
399 114 610 
400 113 319 
401 15 290 
402 211 563 
403 404 559 
404 393 418 
405 406 611 
406 85 553 
407 426 516 
408 298 606 
409 196 598 
410 33 482 
411 364 597 
412 213 326 
413 370 631 
414 100 479 
415 216 266 
416 347 474 
417 253 310 
418 157 550 
419 279 491 
420 174 193 
421 35 426 
422 300 611 
423 431 433 
424 46 425 
425 504 563 
426 242 344 
427 371 516 
428 335 416 
429 175 619 
430 247 428 
431 318 600 
432 346 509 
433 310 510 
434 234 409 
435 122 326 
436 389 423 
437 113 453 
438 387 396 
439 269 314 
440 415 627 
441 415 442 
442 61 408 
443 319 618 
444 383 423 
445 430 570 
446 400 557 
447 283 311 
448 231 418 
449 75 209 
450 126 439 
451 304 384 
452 421 461 
453 114 351 
454 241 309 
455 391 557 
456 61 384 
457 80 431 
458 109 439 
459 164 257 
460 232 518 
461 354 559 
462 48 411 
463 135 436 
464 0 356 
465 214 302 
466 304 396 
467 382 523 
468 382 612 
469 109 268 
470 512 599 
471 405 437 
472 438 446 
473 82 130 
474 40 537 
475 386 442 
476 259 494 
477 554 626 
478 231 393 
479 21 58 
480 91 429 
481 40 628 
482 344 559 
483 93 456 
484 397 451 
485 30 294 
486 383 389 
487 39 602 
488 374 532 
489 358 371 
490 466 536 
491 405 528 
492 247 635 
493 91 509 
494 327 390 
495 373 433 
496 461 477 
497 373 431 
498 2 15 
499 427 590 
500 135 521 
501 48 411 
502 412 446 
503 268 395 
504 59 450 
505 129 445 
506 226 292 
507 585 588 
508 52 306 
509 129 288 
510 412 438 
511 337 568 
512 175 619 
513 31 57 
514 59 440 
515 397 421 
516 188 398 
517 122 255 
518 289 469 
519 6 488 
520 98 580 
521 93 420 
522 130 313 
523 71 538 
524 20 419 
525 98 229 
526 137 336 
527 58 137 
528 543 586 
529 121 197 
530 181 253 
531 305 483 
532 63 260 
533 168 474 
534 14 601 
535 102 442 
536 379 619 
537 40 537 
538 197 458 
539 133 603 
540 72 236 
541 20 21 
542 282 595 
543 397 470 
544 11 609 
545 239 241 
546 149 150 
547 59 595 
548 322 530 
549 140 407 
550 446 587 
551 53 400 
552 318 379 
553 86 206 
554 292 386 
555 63 481 
556 341 363 
557 395 410 
558 114 348 
559 167 354 
560 246 345 
561 255 345 
562 51 501 
563 30 191 
564 102 386 
565 45 138 
566 152 207 
567 272 604 
568 134 467 
569 295 348 
570 191 422 
571 246 363 
572 407 425 
573 204 367 
574 310 510 
575 226 627 
576 355 418 
577 409 467 
578 452 610 
579 423 624 
580 61 396 
581 175 318 
582 196 598 
583 173 329 
584 91 509 
585 134 338 
586 37 614 
587 454 601 
588 32 475 
589 27 60 
590 13 531 
591 490 496 
592 45 133 
593 421 470 
594 13 531 
595 490 496 
596 68 629 
597 343 432 
598 100 365 
599 100 563 
600 300 340 
601 229 580 
602 33 361 
603 229 481 
604 202 228 
605 426 607 
606 176 541 
607 405 411 
608 110 455 
609 424 605 
610 473 496 
611 279 369 
612 260 305 
613 169 600 
614 124 179 
615 38 220 
616 55 124 
617 65 596 
618 91 429 
619 473 490 
620 307 462 
621 562 621 
622 186 308 
623 121 458 
624 389 423 
625 527 614 
626 212 515 
627 454 575 
628 164 257 
629 304 384 
630 234 382 
631 338 382 
632 193 362 
633 383 389 
634 186 499 
635 237 265 
636 186 187 
637 47 308 
638 179 493 
639 309 539 
640 194 230 
641 219 581 
642 16 164 
643 208 615 
644 515 518 
645 171 520 
646 128 520 
647 121 197 
648 113 341 
649 200 375 
650 227 264 
651 321 586 
652 544 581 
653 128 520 
654 32 397 
655 128 245 
656 145 251 
657 153 245 
658 346 381 
659 204 254 
660 221 520 
661 169 318 
662 335 416 
663 180 394 
664 105 154 
665 114 398 
666 295 514 
667 162 574 
668 358 426 
669 323 466 
670 6 110 
671 83 333 
672 270 403 
673 178 545 
674 25 584 
675 171 506 
676 135 540 
677 34 383 
678 346 381 
679 125 298 
680 54 409 
681 74 482 
682 48 315 
683 120 616 
684 134 338 
685 65 596 
686 315 427 
687 65 495 
688 153 283 
689 324 552 
690 506 624 
691 15 352 
692 245 248 
693 13 472 
694 302 425 
695 108 576 
696 273 632 
697 185 547 
698 161 329 
699 3 209 
700 209 512 
701 132 224 
702 224 342 
703 469 592 
704 469 592 
705 414 628 
706 102 226 
707 10 623 
708 241 258 
709 135 521 
710 25 584 
711 198 632 
712 198 296 
713 190 551 
714 321 505 
715 3 599 
716 350 546 
717 178 545 
718 185 535 
719 145 507 
720 44 188 
721 147 368 
722 70 285 
723 136 530 
724 94 462 
725 244 557 
726 417 626 
727 141 200 
728 249 276 
729 391 400 
730 186 617 
731 53 357 
732 107 391 
733 107 400 
734 354 404 
735 160 498 
736 47 501 
737 111 617 
738 40 628 
739 181 310 
740 350 546 
741 103 306 
742 46 140 
743 16 498 
744 375 479 
745 7 585 
746 100 365 
747 73 513 
748 85 244 
749 447 572 
750 235 492 
751 220 259 
752 104 390 
753 7 588 
754 148 320 
755 199 571 
756 182 515 
757 289 454 
758 108 533 
759 95 238 
760 108 112 
761 104 622 
762 305 481 
763 75 189 
764 8 111 
765 343 475 
766 519 541 
767 7 64 
768 321 505 
769 446 463 
770 443 571 
771 56 630 
772 414 628 
773 435 487 
774 210 340 
775 14 601 
776 625 629 
777 216 218 
778 230 266 
779 262 282 
780 65 527 
781 174 179 
782 196 360 
783 108 533 
784 262 282 
785 62 544 
786 169 492 
787 14 592 
788 223 613 
789 205 347 
790 217 465 
791 424 489 
792 332 359 
793 377 485 
794 139 165 
795 11 106 
796 348 452 
797 356 372 
798 18 234 
799 76 602 
800 180 512 
801 70 208 
802 17 120 
803 51 558 
804 157 620 
805 175 448 
806 368 618 
807 402 500 
808 570 579 
809 413 473 
810 219 614 
811 201 502 
812 593 629 
813 417 554 
814 102 292 
815 414 537 
816 356 372 
817 483 580 
818 398 610 
819 593 625 
820 1 589 
821 364 493 
822 296 534 
823 160 257 
824 28 90 
825 469 592 
826 30 294 
827 116 554 
828 216 274 
829 480 591 
830 483 580 
831 109 410 
832 14 289 
833 68 476 
834 247 428 
835 168 205 
836 303 339 
837 349 598 
838 161 466 
839 349 598 
