43 331 712 861 
274 375 395 954 
158 721 919 
518 639 640 759 
151 222 784 902 
118 614 631 704 
286 458 772 
317 
546 552 
150 187 687 902 
138 
212 
71 389 517 
382 448 683 763 
167 891 
4 128 257 809 
150 225 376 677 
333 
359 634 925 
11 101 136 903 
69 167 508 771 
728 
243 282 300 724 
335 871 
875 
324 820 843 
548 610 829 
50 125 226 
145 495 
779 
660 719 730 905 
138 
118 
666 
26 89 599 939 
388 401 803 920 
474 824 
753 807 
170 627 
124 627 892 901 
25 170 507 
271 381 562 810 
114 245 299 380 
205 339 726 845 
194 239 558 
40 382 689 737 
260 471 772 
106 647 708 
402 743 781 909 
557 582 761 841 
795 
111 221 435 461 
669 827 
74 617 835 
328 393 428 
189 
288 773 
107 144 301 794 
402 539 
72 282 525 
736 
135 267 818 
419 485 
29 400 481 520 
100 612 657 740 
254 340 445 
210 867 
12 168 629 681 
197 321 477 691 
132 154 509 621 
73 95 206 420 
85 96 173 855 
30 
531 673 703 729 
246 303 531 787 
744 
61 619 786 935 
64 383 397 710 
213 
380 536 781 878 
297 351 
191 362 907 928 
493 561 
137 143 558 795 
368 498 
294 440 660 756 
86 142 929 
193 604 
116 146 589 793 
99 813 864 917 
377 903 
20 569 
219 349 487 898 
134 277 375 949 
384 448 565 842 
78 473 499 859 
223 556 696 823 
582 692 734 881 
77 303 576 823 
292 609 858 886 
235 438 653 
386 799 811 
133 620 
93 426 699 930 
578 612 715 916 
64 265 348 882 
488 679 723 750 
742 757 
3 52 290 600 
395 
250 
528 
300 656 715 
15 397 512 
149 848 
370 503 830 933 
551 580 767 
26 152 524 927 
147 701 838 
44 606 733 761 
13 603 854 
13 230 412 539 
58 
124 309 650 668 
115 147 326 909 
132 207 278 319 
126 
82 469 540 893 
10 410 672 
34 103 578 
120 442 639 830 
757 847 
387 414 571 783 
546 
60 
628 
764 
431 497 705 871 
330 
19 473 628 787 
0 122 314 649 
0 122 536 
55 261 280 522 
42 94 113 280 
48 200 439 655 
22 54 449 800 
574 739 788 
584 611 825 923 
53 225 240 468 
312 321 514 605 
207 274 477 643 
36 747 844 916 
381 444 505 857 
534 624 661 851 
169 
407 
24 259 322 345 
294 712 856 879 
286 552 820 
214 308 521 874 
572 703 774 775 
33 111 214 
54 70 686 
361 417 535 735 
354 659 834 921 
831 
284 814 834 835 
271 745 865 907 
7 68 127 323 
17 192 495 529 
571 713 951 
806 
356 678 762 
174 356 644 937 
91 626 
123 265 266 684 
199 409 
430 693 741 765 
236 816 
65 68 341 801 
403 452 483 523 
59 325 780 
363 652 653 856 
425 515 768 923 
164 366 416 515 
88 877 
273 
273 366 553 618 
278 
467 468 535 608 
353 467 547 591 
337 
231 418 633 691 
81 391 436 461 
443 513 576 908 
194 255 258 405 
81 784 849 
110 760 775 884 
104 105 713 771 
57 332 814 
31 391 484 767 
159 
228 519 
570 850 
240 435 510 
355 587 594 641 
311 
238 
331 355 427 594 
289 573 746 749 
727 876 
43 277 714 
695 832 
176 410 476 751 
289 500 750 896 
169 305 311 564 
912 
519 915 
162 195 281 641 
5 112 718 
5 32 272 541 
171 506 
237 610 642 837 
261 
264 514 819 
198 262 358 873 
220 235 287 839 
270 897 
99 623 839 936 
42 156 936 946 
243 602 
306 
103 211 577 615 
148 
432 762 777 931 
56 154 733 777 
466 527 724 827 
217 340 452 570 
538 933 
35 463 709 789 
398 671 789 900 
949 
289 
488 747 840 900 
8 213 497 613 
292 527 652 680 
117 179 
367 613 840 915 
336 346 680 685 
84 914 
3 489 678 
109 498 616 685 
304 658 664 790 
102 794 
148 
496 590 737 940 
347 599 690 
93 565 635 947 
134 
505 
119 
80 528 739 952 
166 180 317 717 
429 450 711 849 
125 242 466 704 
152 
84 302 493 721 
663 
283 
140 388 821 
179 
180 
244 
463 
374 604 770 
451 
114 320 326 852 
126 
338 
183 269 630 758 
123 618 736 876 
429 603 828 
714 882 
266 299 605 675 
192 529 533 885 
30 
212 296 
157 728 872 953 
15 66 262 645 
60 284 406 
155 
585 
393 891 940 
285 389 454 614 
153 272 322 372 
911 
172 218 
38 436 912 
215 494 873 
470 626 
632 
308 457 
460 735 808 890 
601 
371 396 677 
276 547 
19 
782 
163 360 532 932 
18 97 433 745 
234 445 808 
305 357 593 810 
484 
318 390 586 862 
205 264 316 688 
176 293 385 688 
453 
315 
233 437 441 851 
70 335 869 895 
65 716 773 
846 932 
117 157 228 229 
390 566 586 
281 328 428 504 
656 
41 413 708 731 
72 
241 249 298 644 
105 371 387 
415 573 596 665 
161 310 622 811 
342 432 943 945 
119 
348 465 
549 934 
420 
826 
185 545 741 
112 679 727 778 
881 
913 
53 215 655 744 
700 778 
21 252 746 
86 197 222 438 
872 
689 
92 475 844 845 
687 
221 257 526 
595 
384 
287 
175 198 268 
137 182 345 
465 516 
491 
275 285 523 648 
379 396 516 
263 344 455 
421 450 508 701 
562 
78 836 910 938 
201 846 899 906 
4 588 860 887 
190 269 754 805 
204 878 887 
233 
443 454 797 
69 408 554 665 
34 239 568 954 
307 581 675 857 
563 798 894 
62 216 804 888 
156 682 710 926 
193 315 324 329 
203 290 354 796 
189 248 580 588 
226 620 
16 486 595 625 
352 457 
861 
27 256 
45 89 136 253 
218 
210 295 615 
45 76 83 
73 121 423 550 
364 550 
1 245 636 922 
58 82 643 698 
83 
47 537 812 883 
304 812 
151 837 
130 144 617 941 
386 
131 327 383 521 
131 619 785 910 
302 320 470 722 
423 
183 585 763 944 
247 350 901 928 
169 405 
196 419 496 
224 343 455 625 
87 216 319 
116 
108 444 572 836 
267 276 
417 725 866 914 
11 361 555 
9 334 479 559 
18 173 513 829 
88 567 
365 559 885 
260 511 592 611 
107 378 802 832 
232 598 
12 583 
606 759 
199 307 682 863 
553 
927 
90 
14 
485 591 926 930 
20 431 564 654 
362 433 509 
244 
766 948 
28 890 
486 
67 145 726 755 
55 206 232 917 
654 662 709 740 
889 931 
510 
8 
29 67 187 854 
184 720 943 945 
427 
121 343 464 518 
291 
51 79 163 332 
507 649 815 922 
815 
858 
597 663 766 
501 540 637 764 
358 504 
338 411 760 947 
607 791 
551 
172 
141 251 253 
313 
623 720 864 
51 
558 
400 479 520 785 
534 
561 
85 697 702 946 
140 160 462 699 
251 346 460 
270 765 805 894 
446 494 
525 
101 480 
231 404 850 
75 481 642 
28 242 370 796 
372 544 950 
106 413 661 673 
38 40 475 853 
139 288 532 
584 
23 453 
208 411 430 693 
296 329 568 833 
441 579 597 705 
174 298 471 865 
175 227 
503 862 
190 424 
21 821 
768 
35 268 363 800 
254 403 404 557 
6 249 870 950 
609 
9 61 828 
91 456 
248 459 581 662 
301 334 802 952 
109 752 
98 
208 544 
492 
807 
283 353 608 874 
94 408 629 853 
250 896 921 944 
41 
645 
524 
39 364 554 749 
806 
624 671 723 868 
543 583 596 868 
14 462 
201 376 684 
593 
33 458 587 822 
706 774 
57 310 754 897 
236 483 863 893 
7 209 725 779 
200 227 439 
314 
306 367 478 567 
804 
79 357 560 668 
168 517 543 621 
16 164 185 369 
316 792 
62 318 700 722 
385 490 
446 
56 732 
538 589 664 674 
177 482 875 941 
177 637 
66 751 
263 416 694 
622 630 755 791 
392 697 738 859 
39 566 592 884 
295 541 
71 574 659 942 
826 841 
165 377 698 886 
904 
160 
104 412 670 732 
279 424 798 935 
368 555 636 870 
92 142 
748 
110 261 379 533 
195 648 731 929 
255 569 730 860 
178 234 327 633 
258 409 526 816 
224 398 502 549 
451 
202 
336 848 
434 598 672 803 
434 472 502 651 
108 191 556 938 
24 202 575 776 
149 506 530 889 
325 695 770 818 
478 
330 
44 542 
36 
22 337 
77 275 635 925 
46 98 246 904 
129 392 579 
819 
934 
184 489 590 937 
130 
49 166 422 776 
63 499 
747 
501 
128 203 421 
349 418 487 711 
229 238 719 847 
899 
350 482 696 880 
459 640 788 
50 339 638 669 
133 219 560 908 
766 
551 
188 537 
447 
769 792 
500 650 799 951 
223 
76 561 817 
204 
782 
181 522 545 667 
102 855 
449 
394 474 638 
447 948 
27 312 373 464 
87 
186 
406 414 706 718 
48 178 344 694 
10 542 
17 75 607 674 
6 616 
47 181 293 472 
37 548 752 
647 
425 
378 793 
113 373 415 707 
360 399 492 
182 
657 
120 769 809 883 
74 476 817 898 
146 256 442 797 
143 631 920 942 
530 911 
291 374 681 690 
129 683 692 734 
2 141 186 742 
158 220 666 843 
347 824 895 905 
46 
95 188 676 783 
162 716 756 801 
52 313 399 743 
252 906 
352 563 748 838 
32 135 601 924 
209 852 939 
37 394 401 
646 717 790 
211 577 833 
25 217 247 437 
1 
241 888 
323 
31 341 686 
480 575 867 869 
97 359 365 918 
49 512 646 924 
159 456 658 707 
342 782 
153 632 953 
155 753 831 
333 758 877 
786 919 
279 634 
100 
171 
407 426 880 892 
165 259 369 422 
490 600 
230 511 
297 440 780 
127 139 469 913 
161 237 667 825 
2 602 879 
842 
23 115 196 
80 491 702 813 
90 
351 
63 651 670 918 
96 676 729 738 
59 
309 
822 866 
