0 1 2 
1 0 2 
2 0 1 
3 6 11 
4 7 8 12 
5 3 4 
6 5 9 
7 12 
8 4 7 10 
9 9 
10 3 6 
11 5 8 10 11 
12 28 
13 21 25 
14 25 
15 13 24 26 27 
16 19 20 22 28 
17 18 20 24 27 
18 19 23 
19 14 
20 16 18 26 
21 14 15 17 21 
22 16 23 
23 17 
24 13 15 22 
25 35 
26 37 
27 33 35 
28 32 34 36 
29 30 36 
30 29 30 32 37 
31 29 31 33 34 
32 31 
33 65 
34 62 
35 48 56 67 68 
36 49 64 70 74 
37 58 
38 52 
39 43 57 75 76 
40 38 72 
41 41 46 53 71 
42 44 55 64 
43 38 44 78 
44 49 
45 39 65 74 
46 47 50 76 77 
47 51 71 72 77 
48 39 
49 43 61 
50 60 61 63 73 
51 42 58 59 69 
52 66 
53 69 
54 50 52 
55 54 62 75 
56 40 48 68 
57 40 53 67 70 
58 42 60 63 
59 41 45 
60 56 
61 54 57 59 78 
62 66 
63 45 46 47 55 
64 51 73 
65 82 84 
66 84 85 
67 83 85 
68 79 83 
69 80 81 82 
70 79 80 81 
71 87 88 
72 86 88 
73 86 87 
74 90 
75 89 
76 96 97 98 
77 92 95 
78 93 96 97 98 
79 93 94 95 
80 92 94 
81 100 102 104 105 
82 102 
83 99 100 103 
84 101 105 
85 106 
86 99 101 103 106 
87 104 
88 109 110 114 118 
89 107 114 115 519 
90 519 
91 112 113 118 119 
92 110 116 117 119 
93 107 108 115 116 
94 109 
95 113 
96 111 
97 108 111 112 117 
98 121 122 123 
99 120 123 
100 120 121 122 
101 126 
102 124 125 
103 130 132 133 135 
104 127 129 
105 129 130 134 135 
106 127 128 131 134 
107 128 131 132 133 
108 90 91 
109 141 142 143 
110 140 
111 136 147 
112 136 137 138 144 
113 139 142 145 149 
114 139 
115 141 143 148 149 
116 140 145 148 
117 146 147 
118 137 138 144 146 
119 151 152 154 155 
120 126 150 154 155 
121 150 151 152 153 
122 153 553 
123 157 158 159 161 
124 162 
125 156 161 162 554 
126 158 160 
127 156 157 159 160 
128 124 
129 169 173 
130 166 168 170 175 
131 165 175 176 
132 169 171 
133 164 168 170 174 
134 167 172 173 
135 167 
136 164 172 176 274 
137 165 166 171 174 
138 555 
139 189 204 815 
140 190 191 193 199 
141 179 193 196 198 
142 188 
143 180 181 190 203 
144 185 192 
145 178 179 194 196 
146 183 186 187 203 
147 187 188 201 
148 183 201 
149 186 189 195 200 
150 184 197 199 202 
151 180 182 198 
152 181 197 202 
153 182 
154 194 195 204 
155 192 
156 191 
157 178 184 185 200 
158 213 
159 205 208 223 225 
160 207 218 224 225 
161 209 214 219 221 
162 205 207 209 224 
163 210 215 221 222 
164 216 219 
165 211 212 218 220 
166 216 222 223 
167 211 212 215 217 
168 206 214 217 220 
169 206 208 210 213 
170 228 
171 232 
172 230 
173 226 228 231 233 
174 229 234 
175 226 227 233 234 
176 227 229 232 
177 230 231 
178 238 246 250 
179 695 
180 238 251 253 
181 237 
182 250 
183 245 246 252 254 
184 239 244 252 
185 237 242 243 520 
186 235 236 240 251 
187 248 249 
188 240 247 253 254 
189 247 
190 235 236 239 245 
191 241 242 243 249 
192 241 244 248 816 
193 256 258 260 263 
194 255 260 263 
195 261 
196 261 262 
197 257 262 
198 258 259 
199 255 256 257 259 
200 265 267 268 271 
201 264 
202 270 272 707 
203 270 
204 267 273 
205 264 265 266 268 
206 266 269 273 
207 269 271 272 
208 641 
209 279 280 296 309 
210 286 291 304 305 
211 163 
212 275 289 301 305 
213 283 297 
214 279 288 299 
215 281 304 
216 276 278 291 306 
217 287 290 294 295 
218 282 286 307 308 
219 278 285 294 300 
220 276 285 309 
221 297 
222 281 283 292 296 
223 282 299 303 306 
224 89 
225 290 292 293 302 
226 300 303 307 308 
227 277 280 298 301 
228 284 288 293 298 
229 287 289 302 
230 275 277 284 295 
231 315 317 339 340 
232 328 336 338 348 
233 320 323 327 335 
234 310 
235 313 324 
236 315 333 340 345 
237 327 331 334 335 
238 326 331 332 342 
239 163 313 346 348 
240 316 343 345 347 
241 312 322 330 346 
242 344 
243 341 
244 334 
245 319 322 711 
246 311 318 343 
247 312 319 320 330 
248 321 332 342 347 
249 344 
250 329 341 
251 310 314 317 336 
252 314 325 329 339 
253 321 337 
254 333 
255 326 328 338 
256 311 318 325 
257 316 323 324 337 
258 352 354 358 369 
259 360 363 364 368 
260 355 363 368 
261 357 
262 355 356 
263 177 349 
264 362 366 370 371 
265 364 365 367 369 
266 353 354 356 
267 351 353 359 367 
268 349 357 361 370 
269 351 352 359 360 
270 350 361 366 371 
271 350 358 362 365 
272 377 398 403 404 
273 376 395 
274 375 379 402 
275 374 
276 373 
277 391 
278 394 
279 374 380 381 399 
280 389 
281 388 401 
282 387 390 392 396 
283 379 380 392 395 
284 378 
285 376 388 399 400 
286 383 
287 382 386 389 403 
288 381 698 
289 391 402 
290 375 377 390 398 
291 383 384 387 397 
292 378 
293 373 384 393 397 
294 393 396 
295 372 385 
296 386 394 
297 385 401 404 
298 382 
299 372 
300 400 
301 409 410 413 
302 411 412 
303 405 406 407 414 
304 408 409 412 
305 408 411 413 414 
306 405 406 407 410 
307 422 423 425 426 
308 417 421 427 
309 415 418 424 426 
310 415 416 428 429 
311 418 419 420 421 
312 416 420 422 424 
313 417 419 428 
314 423 425 427 429 
315 435 
316 433 437 438 443 
317 431 
318 437 441 442 
319 430 433 438 439 
320 439 
321 434 440 
322 431 432 435 436 
323 430 434 436 443 
324 432 440 441 442 
325 449 452 453 
326 450 451 
327 450 454 701 
328 444 452 453 455 
329 448 
330 445 
331 445 446 454 
332 444 447 448 449 
333 446 447 451 455 
334 724 
335 459 463 464 465 
336 456 457 465 466 
337 462 463 464 
338 462 466 
339 457 
340 458 460 461 
341 456 458 459 460 
342 461 
343 475 485 502 514 
344 475 478 482 512 
345 474 500 
346 509 512 513 515 
347 480 489 
348 468 471 478 492 
349 467 470 511 516 
350 479 486 495 
351 469 492 499 507 
352 476 497 500 501 
353 494 
354 467 470 489 502 
355 495 496 
356 503 504 508 510 
357 473 482 490 514 
358 487 494 496 506 
359 474 477 
360 507 508 509 510 
361 476 480 486 491 
362 479 481 501 515 
363 483 499 
364 483 498 
365 505 
366 468 481 485 497 
367 488 493 517 518 
368 490 491 493 511 
369 469 472 477 488 
370 471 484 506 518 
371 472 473 487 517 
372 484 498 505 
373 503 504 513 516 
374 704 
375 814 
376 537 
377 546 
378 527 535 
379 536 
380 533 539 541 
381 521 522 528 540 
382 521 527 540 542 
383 91 532 
384 125 525 543 544 
385 529 
386 546 
387 524 530 536 538 
388 535 
389 522 532 
390 523 526 534 541 
391 528 542 
392 526 531 534 539 
393 530 537 544 545 
394 525 531 538 543 
395 529 
396 523 524 533 545 
397 550 551 552 
398 549 550 552 
399 547 548 551 556 
400 547 548 549 
401 555 556 
402 553 554 
403 578 
404 177 561 568 
405 557 576 577 579 
406 559 574 
407 570 576 
408 584 
409 562 566 572 573 
410 575 580 
411 564 571 581 582 
412 559 565 570 584 
413 560 567 577 579 
414 562 564 572 581 
415 561 563 578 583 
416 558 
417 560 
418 557 558 569 
419 575 
420 569 571 582 583 
421 566 567 573 574 
422 563 565 568 580 
423 586 592 593 
424 585 587 588 593 
425 586 590 
426 591 
427 591 599 
428 588 594 600 604 
429 585 599 
430 595 
431 589 
432 590 601 602 603 
433 600 604 
434 594 601 
435 589 
436 592 595 597 
437 587 596 598 661 
438 603 
439 596 598 602 
440 597 
441 607 608 620 622 
442 608 
443 607 612 619 621 
444 616 
445 615 
446 615 618 
447 622 
448 613 617 
449 611 
450 610 
451 605 606 614 620 
452 612 
453 609 617 618 621 
454 611 
455 609 614 616 619 
456 605 606 610 613 
457 624 631 
458 623 
459 624 628 629 630 
460 634 
461 632 
462 625 630 632 634 
463 625 626 627 629 
464 633 
465 627 628 633 
466 623 631 
467 626 
468 640 
469 635 638 640 
470 639 
471 636 637 639 
472 637 638 
473 635 636 
474 677 
475 643 723 
476 642 644 647 649 
477 648 
478 648 650 
479 650 
480 646 649 
481 642 644 645 646 
482 643 647 
483 645 
484 652 
485 651 658 659 
486 656 657 
487 653 655 657 
488 654 656 
489 655 
490 653 654 
491 659 
492 652 658 
493 661 
494 660 
495 663 665 
496 662 663 665 666 
497 662 664 666 
498 664 
499 669 670 674 676 
500 667 670 672 
501 668 
502 673 
503 669 671 
504 668 671 674 675 
505 667 
506 672 673 676 
507 675 
508 274 
509 681 
510 680 682 684 
511 679 683 
512 678 682 684 
513 678 
514 680 
515 679 681 683 
516 686 687 690 
517 685 688 689 
518 685 689 
519 641 
520 686 687 688 690 
521 710 716 722 728 
522 706 708 714 721 
523 697 707 720 726 
524 700 709 713 717 
525 702 706 711 727 
526 699 709 718 723 
527 692 700 712 713 
528 692 693 696 705 
529 691 701 716 729 
530 705 708 714 715 
531 693 704 712 717 
532 696 698 715 725 
533 703 718 722 725 
534 702 719 727 729 
535 695 703 720 728 
536 694 699 721 726 
537 691 694 710 724 
538 719 739 758 765 
539 730 751 757 762 
540 755 
541 763 
542 741 
543 749 753 
544 677 742 750 764 
545 740 749 760 765 
546 730 762 
547 737 
548 734 759 
549 736 
550 732 
551 758 763 
552 733 747 752 760 
553 734 746 752 756 
554 697 
555 735 737 744 
556 736 741 751 754 
557 731 740 
558 746 747 
559 735 755 
560 750 759 
561 748 
562 738 
563 731 738 743 761 
564 744 745 753 
565 754 
566 742 748 
567 732 757 764 
568 739 
569 733 745 
570 743 761 
571 756 
572 770 774 
573 775 
574 769 772 774 776 
575 651 
576 766 
577 767 768 773 775 
578 769 
579 771 777 
580 766 768 772 
581 660 767 770 771 
582 777 
583 773 776 
584 779 780 
585 778 780 
586 778 779 
587 791 
588 787 
589 796 
590 783 784 
591 787 794 
592 783 786 
593 797 
594 785 790 792 
595 781 785 789 793 
596 781 782 789 795 
597 793 
598 790 792 794 
599 782 786 788 796 
600 791 797 
601 784 788 795 
602 803 806 
603 800 801 807 808 
604 799 805 
605 804 805 806 809 
606 798 801 807 808 
607 800 802 803 
608 798 
609 799 
610 804 809 
611 802 
612 811 812 813 
613 812 
614 810 811 813 
615 810 
616 520 816 
617 814 815 
618 818 826 829 835 
619 820 826 829 
620 828 831 
621 822 823 830 836 
622 823 834 
623 834 
624 825 831 832 
625 828 
626 817 818 827 835 
627 820 821 836 
628 817 819 824 827 
629 819 824 825 833 
630 832 
631 821 822 830 833 
