0 191 192 
1 85 86 
2 378 380 
3 4 435 
4 3 435 
5 6 7 
6 7 483 
7 5 483 
8 6 7 
9 5 6 
10 14 18 
11 11 12 
12 10 13 
13 10 13 
14 10 13 
15 11 550 
16 11 12 
17 9 15 
18 16 17 
19 14 16 
20 15 18 
21 15 16 
22 9 16 
23 23 625 
24 21 23 
25 20 23 
26 20 24 
27 20 21 
28 20 22 
29 26 27 
30 21 25 
31 21 25 
32 19 27 
33 30 35 
34 29 32 
35 28 31 
36 28 35 
37 29 32 
38 29 31 
39 30 35 
40 29 35 
41 30 32 
42 37 39 
43 39 40 
44 37 465 
45 36 37 
46 37 39 
47 43 44 
48 223 556 
49 44 450 
50 41 43 
51 47 48 
52 568 569 
53 45 50 
54 45 50 
55 45 569 
56 47 50 
57 46 49 
58 486 487 
59 462 624 
60 69 74 
61 478 626 
62 57 59 
63 55 59 
64 58 59 
65 57 59 
66 57 58 
67 57 58 
68 63 540 
69 60 65 
70 62 65 
71 63 64 
72 64 65 
73 62 65 
74 63 64 
75 439 616 
76 61 62 
77 62 63 
78 73 75 
79 542 576 
80 53 589 
81 68 69 
82 72 589 
83 72 75 
84 70 71 
85 72 547 
86 70 75 
87 70 74 
88 385 489 
89 78 476 
90 77 476 
91 77 80 
92 78 79 
93 264 526 
94 83 553 
95 82 553 
96 307 446 
97 86 488 
98 85 488 
99 88 89 
100 88 90 
101 87 89 
102 87 89 
103 87 88 
104 87 88 
105 156 503 
106 93 94 
107 93 94 
108 92 94 
109 93 95 
110 93 94 
111 97 98 
112 96 98 
113 96 97 
114 96 97 
115 97 98 
116 104 463 
117 101 102 
118 100 102 
119 100 102 
120 100 101 
121 100 101 
122 101 102 
123 99 431 
124 99 431 
125 109 464 
126 111 472 
127 110 472 
128 111 468 
129 107 111 
130 112 468 
131 107 109 
132 108 112 
133 108 111 
134 108 468 
135 116 120 
136 115 426 
137 114 426 
138 118 466 
139 119 121 
140 119 121 
141 117 121 
142 117 119 
143 117 119 
144 123 460 
145 123 460 
146 122 460 
147 436 447 
148 126 127 
149 125 127 
150 125 126 
151 126 473 
152 125 127 
153 127 128 
154 132 492 
155 130 492 
156 130 492 
157 130 138 
158 133 135 
159 135 136 
160 133 134 
161 134 136 
162 135 137 
163 138 451 
164 137 451 
165 140 601 
166 139 601 
167 142 601 
168 139 141 
169 144 495 
170 143 495 
171 147 148 
172 148 149 
173 145 148 
174 146 147 
175 146 148 
176 145 149 
177 149 496 
178 145 150 
179 145 152 
180 8 418 
181 155 504 
182 154 499 
183 91 157 
184 158 505 
185 91 504 
186 159 505 
187 156 158 
188 506 507 
189 156 161 
190 160 507 
191 163 164 
192 162 164 
193 162 165 
194 162 163 
195 163 164 
196 167 510 
197 166 510 
198 166 169 
199 168 510 
200 172 173 
201 174 511 
202 170 174 
203 174 511 
204 170 171 
205 172 173 
206 176 441 
207 175 176 
208 175 441 
209 179 183 
210 180 417 
211 177 184 
212 178 438 
213 177 184 
214 183 185 
215 182 185 
216 183 185 
217 182 183 
218 181 182 
219 188 544 
220 187 544 
221 190 419 
222 419 544 
223 0 196 
224 193 201 
225 193 203 
226 192 196 
227 192 193 
228 197 203 
229 194 197 
230 160 506 
231 188 211 
232 194 203 
233 200 201 
234 197 201 
235 198 202 
236 198 199 
237 202 203 
238 198 512 
239 194 202 
240 205 402 
241 376 513 
242 376 513 
243 207 208 
244 206 208 
245 207 209 
246 207 208 
247 212 514 
248 188 196 
249 212 213 
250 213 516 
251 214 515 
252 215 216 
253 214 216 
254 214 215 
255 587 643 
256 420 551 
257 66 616 
258 454 518 
259 221 599 
260 220 519 
261 221 519 
262 467 519 
263 42 224 
264 42 556 
265 225 556 
266 224 556 
267 223 554 
268 42 223 
269 228 521 
270 227 521 
271 228 521 
272 231 410 
273 230 233 
274 233 235 
275 231 522 
276 237 375 
277 232 236 
278 238 375 
279 234 238 
280 237 523 
281 234 238 
282 241 610 
283 239 241 
284 239 240 
285 247 646 
286 242 244 
287 242 243 
288 246 248 
289 245 524 
290 248 524 
291 247 524 
292 250 254 
293 249 254 
294 250 252 
295 250 251 
296 252 255 
297 249 250 
298 249 253 
299 257 552 
300 257 552 
301 257 552 
302 256 552 
303 260 261 
304 259 261 
305 260 261 
306 259 261 
307 259 260 
308 263 453 
309 262 453 
310 81 381 
311 267 578 
312 268 269 
313 265 578 
314 266 270 
315 268 270 
316 268 269 
317 266 267 
318 268 437 
319 273 274 
320 272 274 
321 272 273 
322 15 17 
323 277 279 
324 276 278 
325 277 279 
326 276 278 
327 281 283 
328 280 527 
329 280 283 
330 280 282 
331 285 290 
332 284 286 
333 287 289 
334 288 289 
335 287 289 
336 287 288 
337 284 289 
338 284 285 
339 292 295 
340 291 293 
341 296 297 
342 296 297 
343 294 296 
344 294 297 
345 294 296 
346 300 303 
347 302 304 
348 298 304 
349 299 304 
350 299 304 
351 299 302 
352 299 302 
353 301 302 
354 311 316 
355 307 446 
356 306 446 
357 305 307 
358 309 310 
359 308 310 
360 308 309 
361 305 316 
362 312 313 
363 308 313 
364 308 446 
365 311 312 
366 312 316 
367 306 315 
368 314 318 
369 314 318 
370 280 319 
371 317 480 
372 318 319 
373 317 319 
374 317 318 
375 321 322 
376 320 322 
377 321 325 
378 322 325 
379 325 327 
380 323 324 
381 322 323 
382 321 529 
383 324 529 
384 416 427 
385 330 331 
386 329 331 
387 329 330 
388 336 404 
389 334 342 
390 333 336 
391 444 541 
392 337 340 
393 337 341 
394 336 339 
395 337 341 
396 336 337 
397 341 343 
398 338 343 
399 340 342 
400 333 341 
401 340 344 
402 340 343 
403 346 349 
404 345 448 
405 348 448 
406 350 448 
407 349 350 
408 348 531 
409 348 531 
410 349 531 
411 353 445 
412 352 445 
413 386 432 
414 356 357 
415 355 359 
416 354 355 
417 365 366 
418 359 360 
419 358 360 
420 358 359 
421 364 532 
422 364 532 
423 364 477 
424 363 365 
425 364 366 
426 365 533 
427 481 535 
428 369 645 
429 369 535 
430 536 537 
431 371 372 
432 370 372 
433 370 371 
434 372 538 
435 275 415 
436 234 236 
437 205 513 
438 378 387 
439 377 380 
440 443 474 
441 2 387 
442 508 509 
443 106 471 
444 83 553 
445 335 549 
446 273 274 
447 354 432 
448 389 424 
449 113 116 
450 378 424 
451 471 572 
452 218 412 
453 397 405 
454 414 420 
455 412 539 
456 407 470 
457 461 517 
458 444 541 
459 335 384 
460 356 459 
461 449 543 
462 407 408 
463 204 209 
464 486 487 
465 329 330 
466 392 549 
467 413 422 
468 384 405 
469 395 408 
470 401 407 
471 328 422 
472 230 231 
473 423 470 
474 394 539 
475 392 405 
476 406 421 
477 406 421 
478 391 539 
479 226 374 
480 328 421 
481 178 179 
482 153 457 
483 189 190 
484 218 393 
485 413 416 
486 406 413 
487 406 421 
488 407 411 
489 387 389 
490 393 612 
491 114 115 
492 328 409 
493 411 470 
494 1 86 
495 170 172 
496 149 496 
497 229 520 
498 103 104 
499 354 386 
500 285 440 
501 288 290 
502 185 438 
503 3 4 
504 124 447 
505 269 271 
506 25 26 
507 164 165 
508 179 180 
509 66 616 
510 66 616 
511 3 4 
512 542 576 
513 176 441 
514 287 433 
515 175 176 
516 329 330 
517 331 575 
518 379 474 
519 335 405 
520 352 353 
521 84 306 
522 125 436 
523 266 269 
524 346 351 
525 198 400 
526 43 570 
527 137 548 
528 488 627 
529 262 263 
530 335 541 
531 219 220 
532 317 319 
533 107 382 
534 19 27 
535 120 491 
536 370 371 
537 399 432 
538 84 316 
539 122 123 
540 126 436 
541 209 396 
542 52 624 
543 99 104 
544 52 624 
545 137 138 
546 77 476 
547 105 469 
548 67 588 
549 106 572 
550 39 40 
551 38 40 
552 36 465 
553 116 490 
554 222 519 
555 108 112 
556 471 472 
557 428 470 
558 134 135 
559 411 428 
560 106 472 
561 388 491 
562 411 428 
563 179 184 
564 220 222 
565 106 107 
566 429 627 
567 91 154 
568 78 476 
569 40 465 
570 391 414 
571 488 627 
572 128 129 
573 379 443 
574 221 558 
575 239 241 
576 305 311 
577 310 313 
578 84 455 
579 313 455 
580 77 78 
581 363 482 
582 54 626 
583 47 458 
584 535 645 
585 534 645 
586 481 645 
587 456 572 
588 49 485 
589 367 534 
590 362 366 
591 134 136 
592 6 7 
593 34 586 
594 47 49 
595 50 485 
596 51 487 
597 51 486 
598 85 86 
599 383 553 
600 82 383 
601 76 497 
602 466 491 
603 118 121 
604 131 132 
605 131 132 
606 131 494 
607 131 493 
608 136 494 
609 142 495 
610 143 144 
611 143 144 
612 147 151 
613 403 559 
614 499 502 
615 155 505 
616 500 546 
617 499 501 
618 502 546 
619 157 501 
620 155 504 
621 502 503 
622 500 546 
623 155 159 
624 154 498 
625 158 505 
626 503 504 
627 157 158 
628 157 498 
629 195 507 
630 498 507 
631 161 506 
632 160 161 
633 162 163 
634 165 167 
635 166 167 
636 172 174 
637 171 511 
638 171 173 
639 171 511 
640 181 184 
641 186 545 
642 199 202 
643 205 376 
644 210 516 
645 213 216 
646 515 516 
647 212 515 
648 214 216 
649 213 516 
650 166 434 
651 219 628 
652 467 558 
653 221 222 
654 430 521 
655 228 229 
656 233 410 
657 232 235 
658 237 238 
659 247 525 
660 525 646 
661 246 524 
662 258 263 
663 281 528 
664 281 527 
665 311 455 
666 305 455 
667 306 315 
668 309 310 
669 309 312 
670 307 315 
671 84 314 
672 326 327 
673 349 350 
674 530 531 
675 350 351 
676 361 362 
677 366 532 
678 481 537 
679 367 368 
680 369 537 
681 369 536 
682 371 373 
683 380 387 
684 377 378 
685 175 441 
686 272 274 
687 394 412 
688 377 380 
689 60 588 
690 218 412 
691 414 539 
692 444 549 
693 444 549 
694 229 520 
695 384 398 
696 393 394 
697 53 589 
698 197 201 
699 188 190 
700 413 427 
701 177 182 
702 501 502 
703 73 589 
704 156 498 
705 138 451 
706 384 541 
707 314 315 
708 376 513 
709 422 427 
710 10 13 
711 117 120 
712 212 515 
713 218 420 
714 346 347 
715 256 257 
716 82 383 
717 82 83 
718 225 555 
719 554 557 
720 42 554 
721 224 555 
722 467 628 
723 604 641 
724 565 579 
725 608 631 
726 594 614 
727 596 613 
728 618 620 
729 566 583 
730 603 605 
731 595 621 
732 49 569 
733 46 568 
734 44 450 
735 606 622 
736 109 110 
737 110 471 
738 456 479 
739 456 468 
740 344 634 
741 321 326 
742 331 442 
743 53 69 
744 582 637 
745 265 267 
746 582 639 
747 560 577 
748 641 644 
749 584 585 
750 583 639 
751 582 642 
752 565 579 
753 581 585 
754 581 584 
755 33 484 
756 217 643 
757 61 540 
758 75 547 
759 593 614 
760 593 614 
761 591 594 
762 590 591 
763 590 614 
764 567 635 
765 563 597 
766 596 613 
767 615 619 
768 220 558 
769 607 643 
770 139 140 
771 579 603 
772 602 629 
773 579 638 
774 577 603 
775 566 642 
776 571 622 
777 571 585 
778 630 631 
779 630 631 
780 561 631 
781 623 633 
782 239 241 
783 623 633 
784 632 633 
785 584 585 
786 420 425 
787 596 597 
788 224 554 
789 332 574 
790 46 569 
791 46 568 
792 581 584 
793 591 594 
794 592 594 
795 583 637 
796 590 593 
797 595 613 
798 598 619 
799 66 439 
800 618 635 
801 564 617 
802 598 615 
803 598 617 
804 68 72 
805 225 555 
806 602 604 
807 587 643 
808 609 611 
809 591 592 
810 615 635 
811 617 620 
812 562 620 
813 606 622 
814 571 606 
815 571 606 
816 581 622 
817 110 112 
818 609 611 
819 390 456 
820 109 390 
821 342 634 
822 542 576 
823 542 576 
824 52 462 
825 19 25 
826 55 56 
827 565 583 
828 54 478 
829 83 452 
830 615 635 
831 598 619 
832 225 557 
833 518 558 
834 630 640 
835 560 629 
836 636 642 
837 566 642 
838 602 637 
839 636 640 
840 638 639 
841 561 607 
842 608 630 
843 607 608 
844 632 644 
845 609 623 
846 609 632 
847 342 573 
848 590 593 
849 617 620 
850 222 467 
851 560 565 
852 582 636 
853 605 629 
854 577 638 
855 560 638 
856 607 608 
857 611 623 
858 632 644 
859 53 69 
860 577 603 
861 602 604 
862 605 636 
863 566 640 
864 629 640 
865 604 639 
866 217 587 
867 611 644 
868 580 641 
869 633 641 
870 587 600 
871 605 637 
872 534 537 
873 242 475 
