0 464 
1 820 
2 498 
3 193 286 699 715 
4 100 106 125 355 
5 323 
6 95 519 670 
7 348 745 753 767 
8 764 
9 338 
10 707 
11 102 343 544 795 
12 32 
13 590 594 693 
14 534 775 787 832 
15 2 401 498 691 
16 174 283 642 743 
17 156 165 802 
18 109 798 
19 196 
20 24 60 524 541 
21 479 541 
22 165 
23 170 
24 20 60 149 378 
25 674 710 
26 44 
27 63 129 589 
28 96 108 824 
29 182 
30 351 485 563 826 
31 513 
32 588 654 
33 410 602 
34 677 
35 421 
36 257 314 360 
37 286 586 
38 93 242 306 615 
39 487 
40 474 481 537 738 
41 26 261 295 
42 26 
43 372 
44 394 395 720 
45 150 184 565 592 
46 424 742 
47 204 637 736 
48 462 501 682 
49 219 
50 143 
51 8 126 562 803 
52 113 508 
53 551 731 
54 109 680 
55 616 
56 72 232 398 771 
57 513 
58 20 21 479 527 
59 504 514 547 
60 28 94 589 
61 9 442 456 580 
62 785 
63 107 287 532 555 
64 348 767 
65 617 685 687 780 
66 75 260 
67 157 
68 596 833 
69 58 232 
70 159 230 722 801 
71 523 
72 69 540 
73 747 
74 144 246 385 681 
75 207 231 449 763 
76 41 267 799 
77 288 
78 87 334 
79 128 330 
80 457 
81 259 310 
82 83 473 
83 200 324 671 
84 119 138 221 
85 268 406 748 
86 169 553 
87 285 306 
88 62 129 236 
89 6 
90 29 824 
91 480 493 584 618 
92 4 133 
93 74 483 521 
94 11 724 
95 759 
96 201 276 
97 377 
98 66 287 520 525 
99 56 
100 414 598 599 746 
101 141 
102 535 564 706 814 
103 122 342 741 
104 752 761 
105 168 664 
106 795 
107 732 733 
108 695 758 760 783 
109 89 458 469 831 
110 608 670 
111 51 53 737 764 
112 760 
113 281 400 437 648 
114 399 453 558 665 
115 4 100 106 355 
116 827 
117 84 330 
118 28 63 94 
119 186 
120 22 683 802 
121 529 623 647 
122 290 390 435 517 
123 33 
124 57 190 614 616 
125 679 
126 197 221 450 
127 172 
128 347 646 653 655 
129 111 321 505 509 
130 334 349 473 522 
131 52 
132 77 246 385 701 
133 150 539 592 
134 380 568 585 684 
135 463 500 676 709 
136 292 723 
137 27 378 526 527 
138 145 224 243 565 
139 38 181 381 794 
140 549 742 
141 727 
142 292 
143 17 244 
144 70 192 
145 277 656 719 
146 319 
147 171 213 226 721 
148 754 
149 163 188 546 
150 162 188 546 
151 22 
152 229 311 317 566 
153 269 316 657 688 
154 115 664 
155 227 
156 10 
157 160 213 418 804 
158 139 
159 234 
160 350 735 823 
161 189 391 698 838 
162 667 
163 257 314 
164 16 459 628 642 
165 151 154 794 
166 30 
167 387 559 
168 47 224 533 835 
169 613 661 786 
170 130 
171 140 645 675 
172 74 162 163 
173 175 353 391 583 
174 136 211 420 781 
175 429 512 581 805 
176 70 157 606 
177 3 
178 397 673 717 
179 614 638 781 
180 19 663 800 
181 530 739 
182 756 
183 88 98 313 
184 104 276 
185 264 278 697 718 
186 622 634 636 730 
187 49 636 
188 516 720 
189 65 92 193 763 
190 318 713 
191 327 351 563 570 
192 326 365 371 
193 420 632 
194 640 
195 12 160 
196 396 409 582 782 
197 132 529 538 647 
198 305 339 711 712 
199 755 
200 649 727 
201 811 
202 212 238 240 604 
203 89 119 138 197 
204 298 573 659 
205 184 393 789 835 
206 91 103 169 553 
207 166 311 317 566 
208 73 208 643 801 
209 80 449 699 700 
210 1 72 398 774 
211 402 
212 173 177 255 626 
213 270 291 383 412 
214 48 152 335 465 
215 178 189 228 363 
216 220 415 777 828 
217 356 384 388 790 
218 212 220 297 777 
219 641 810 
220 40 105 615 751 
221 660 
222 253 296 
223 41 282 308 788 
224 78 701 702 
225 307 
226 325 506 575 706 
227 155 332 362 650 
228 161 252 256 604 
229 341 525 601 603 
230 250 256 640 778 
231 30 182 448 478 
232 173 199 234 460 
233 179 
234 18 434 630 798 
235 86 310 750 
236 69 540 
237 43 635 
238 759 
239 284 345 545 
240 139 
241 345 454 545 708 
242 183 426 
243 81 
244 90 725 748 
245 187 655 657 692 
246 176 290 560 571 
247 430 492 834 
248 692 
249 262 309 728 
250 104 201 
251 656 
252 264 
253 298 346 417 530 
254 275 360 659 
255 291 358 517 561 
256 267 
257 174 459 628 823 
258 708 
259 93 476 751 
260 66 341 532 612 
261 217 
262 315 779 784 
263 123 134 270 359 
264 155 650 
265 43 635 
266 415 778 
267 223 
268 469 503 
269 352 439 
270 672 
271 357 
272 356 384 567 
273 216 222 329 696 
274 828 
275 245 
276 273 274 728 
277 86 259 303 
278 36 
279 419 611 
280 98 200 324 374 
281 38 179 336 
282 289 542 779 784 
283 167 272 447 688 
284 166 229 
285 722 
286 159 
287 374 
288 509 
289 14 518 757 832 
290 5 15 401 
291 88 313 320 
292 112 506 554 814 
293 371 
294 31 209 485 826 
295 46 124 569 666 
296 305 339 712 822 
297 84 128 
298 137 373 408 679 
299 247 
300 243 382 422 600 
301 83 
302 236 465 694 
303 381 836 
304 9 451 466 629 
305 251 531 612 762 
306 44 113 508 741 
307 620 
308 622 637 
309 263 265 454 639 
310 417 433 574 739 
311 447 
312 7 67 288 
313 142 522 
314 300 439 
315 682 686 
316 125 133 
317 239 304 388 
318 431 552 581 661 
319 123 383 400 443 
320 754 
321 23 651 714 768 
322 249 364 367 548 
323 178 353 370 669 
324 332 362 689 
325 210 
326 390 412 435 
327 494 
328 372 376 
329 237 363 583 698 
330 210 326 365 
331 45 369 376 
332 331 379 792 
333 320 671 
334 45 369 
335 428 662 
336 24 27 149 526 
337 511 
338 146 585 631 684 
339 154 336 836 
340 600 774 
341 235 358 556 648 
342 77 78 144 702 
343 597 765 
344 183 426 482 
345 134 366 560 561 
346 432 658 678 
347 47 225 416 789 
348 46 558 569 796 
349 214 293 837 839 
350 716 740 
351 328 394 395 453 
352 5 15 323 691 
353 233 
354 387 461 559 734 
355 576 
356 97 464 797 816 
357 55 90 731 
358 37 489 668 
359 792 
360 214 293 396 782 
361 35 602 
362 632 
363 235 366 556 571 
364 411 821 
365 110 598 746 
366 238 
367 198 279 346 573 
368 59 226 721 806 
369 312 611 
370 211 413 
371 37 427 489 
372 333 797 816 
373 495 497 
374 48 488 
375 218 649 744 
376 266 
377 793 
378 377 
379 191 536 552 
380 271 302 
381 99 392 658 678 
382 467 468 630 631 
383 444 486 633 677 
384 79 451 456 629 
385 300 352 
386 248 475 554 564 
387 64 79 338 438 
388 135 
389 436 486 624 633 
390 494 752 
391 117 455 729 732 
392 347 
393 254 404 478 
394 39 80 231 663 
395 503 557 
396 64 438 466 580 
397 484 515 543 654 
398 124 516 665 818 
399 265 
400 446 551 729 733 
401 85 
402 51 180 283 807 
403 672 
404 403 734 
405 471 491 607 
406 0 333 405 
407 335 549 572 
408 442 
409 258 434 577 680 
410 299 557 831 
411 462 501 607 
412 502 510 
413 87 142 809 
414 42 705 772 815 
415 112 130 440 441 
416 285 428 662 
417 127 726 813 
418 254 404 448 576 
419 21 524 
420 101 521 
421 386 452 515 593 
422 31 209 327 570 
423 436 444 579 624 
424 609 791 
425 424 572 694 
426 407 421 605 668 
427 499 686 
428 262 302 430 834 
429 99 480 618 
430 368 445 
431 423 457 497 
432 597 
433 423 495 
434 2 
435 773 
436 147 463 
437 50 354 471 
438 472 510 
439 299 450 458 
440 61 514 
441 111 
442 248 441 475 535 
443 82 770 
444 54 342 
445 141 321 505 
446 472 502 550 769 
447 749 
448 191 303 805 
449 32 33 
450 61 504 
451 484 
452 205 206 578 796 
453 176 281 359 437 
454 322 587 627 757 
455 608 
456 101 483 
457 349 
458 132 215 538 623 
459 198 275 279 280 
460 75 260 
461 34 294 452 496 
462 102 116 620 724 
463 769 
464 91 103 227 
465 304 790 
466 370 490 669 838 
467 146 380 568 577 
468 39 
469 518 703 704 825 
470 34 543 593 
471 62 
472 13 693 
473 610 619 809 
474 145 375 416 533 
475 588 765 
476 71 833 
477 496 
478 110 
479 414 744 
480 829 
481 107 555 603 762 
482 35 410 681 
483 251 531 817 830 
484 250 
485 793 
486 192 
487 773 
488 95 120 519 
489 791 
490 591 595 619 
491 312 419 
492 185 389 750 786 
493 57 195 638 821 
494 40 105 242 476 
495 687 
496 591 595 610 
497 343 
498 735 743 
499 121 203 344 634 
500 16 180 350 807 
501 49 344 562 736 
502 811 
503 215 
504 218 233 425 
505 361 714 768 
506 140 675 690 
507 158 277 340 719 
508 187 269 272 
509 392 432 493 584 
510 223 280 433 574 
511 247 
512 241 470 700 800 
513 76 115 168 747 
514 666 
515 301 626 644 756 
516 407 427 
517 6 120 
518 301 460 644 
519 143 766 
520 645 646 653 660 
521 500 709 
522 137 
523 56 467 
524 36 
525 50 354 
526 131 156 244 253 
527 68 625 780 
528 491 
529 167 316 
530 148 367 548 723 
531 13 590 594 
532 488 
533 118 261 758 783 
534 216 222 337 822 
535 202 278 718 
536 175 228 237 490 
537 42 474 537 815 
538 10 523 
539 263 284 639 
540 147 172 676 
541 25 606 766 
542 208 
543 23 361 528 
544 19 241 652 785 
545 194 397 673 717 
546 194 716 740 
547 202 697 
548 158 340 
549 205 206 328 
550 59 171 418 
551 318 713 
552 148 249 364 689 
553 55 268 406 
554 164 477 813 827 
555 153 
556 273 274 309 
557 446 455 725 
558 8 203 204 803 
559 266 403 461 482 
560 54 122 
561 152 
562 621 
563 402 425 599 
564 82 
565 153 
566 76 
567 117 
568 511 
569 357 
570 114 368 445 808 
571 755 770 
572 749 
573 217 
574 177 199 255 667 
575 322 627 
576 118 695 
577 170 
578 295 
579 808 
580 520 601 817 830 
581 92 207 641 652 
582 126 
583 294 386 
584 25 52 674 710 
585 7 67 507 745 
586 528 651 
587 550 
588 507 753 
589 58 820 
590 499 
591 382 829 
592 703 704 787 825 
593 812 819 
594 161 240 252 297 
595 289 315 542 547 
596 68 617 685 
597 190 195 411 
598 409 582 837 839 
599 3 65 470 715 
600 185 389 431 613 
601 14 534 587 775 
602 245 282 487 799 
603 225 375 393 539 
604 239 567 
605 609 
606 331 373 379 408 
607 605 
608 151 181 
609 11 116 544 
610 399 578 818 
611 0 97 405 422 
612 18 258 468 
613 81 308 788 
614 196 586 625 810 
615 73 230 319 643 
616 17 131 296 683 
617 53 121 730 737 
618 135 443 806 
619 429 512 536 
620 12 804 
621 621 
622 114 761 
623 707 
624 219 579 690 
625 776 819 
626 127 164 477 726 
627 186 325 440 575 
628 481 705 738 772 
629 71 596 776 812 
630 1 771 
631 136 413 
632 329 337 696 711 
633 29 85 96 108 
634 307 
635 271 492 
