0 1 568 
1 0 568 
2 0 93 
3 465 473 
4 51 217 
5 106 134 
6 186 497 
7 90 104 
8 510 535 
9 71 243 
10 490 600 
11 78 178 
12 316 421 
13 170 462 
14 38 140 
15 118 383 
16 365 381 
17 100 135 
18 307 580 
19 307 329 
20 22 477 
21 546 609 
22 146 492 
23 19 113 
24 30 91 
25 38 374 
26 32 565 
27 110 484 
28 54 628 
29 433 618 
30 33 438 
31 23 286 
32 261 492 
33 25 351 
34 104 372 
35 275 490 
36 509 511 
37 133 603 
38 123 588 
39 14 660 
40 348 352 
41 195 198 
42 73 410 
43 155 627 
44 486 596 
45 524 629 
46 153 404 
47 196 561 
48 279 361 
49 294 431 
50 210 529 
51 460 549 
52 88 542 
53 4 322 
54 163 246 
55 73 251 
56 94 466 
57 27 628 
58 201 379 
59 182 677 
60 100 135 
61 135 569 
62 155 392 
63 396 403 
64 281 480 
65 169 574 
66 341 406 
67 338 414 
68 157 180 
69 293 513 
70 236 630 
71 154 526 
72 304 357 
73 213 547 
74 505 584 
75 9 243 
76 276 295 
77 41 465 
78 417 459 
79 145 493 
80 100 119 
81 279 519 
82 11 185 
83 187 520 
84 90 116 
85 98 143 
86 436 553 
87 122 128 
88 343 496 
89 157 562 
90 232 553 
91 369 594 
92 50 542 
93 195 198 
94 223 517 
95 148 223 
96 3 616 
97 3 410 
98 148 184 
99 159 539 
100 80 104 
101 23 388 
102 95 305 
103 117 320 
104 465 576 
105 305 408 
106 310 534 
107 481 486 
108 81 262 
109 208 583 
110 17 135 
111 162 197 
112 83 644 
113 161 332 
114 7 90 
115 226 537 
116 5 134 
117 247 323 
118 219 349 
119 334 530 
120 380 484 
121 452 636 
122 266 522 
123 22 615 
124 54 350 
125 290 316 
126 372 531 
127 93 320 
128 15 383 
129 254 569 
130 312 427 
131 203 284 
132 128 497 
133 150 588 
134 347 646 
135 93 255 
136 187 520 
137 495 613 
138 122 497 
139 142 191 
140 33 478 
141 35 133 
142 188 222 
143 36 603 
144 106 640 
145 57 100 
146 239 426 
147 88 419 
148 233 322 
149 182 212 
150 368 412 
151 9 71 
152 14 38 
153 449 571 
154 112 522 
155 81 670 
156 92 408 
157 307 580 
158 190 313 
159 42 75 
160 21 500 
161 443 568 
162 89 517 
163 111 181 
164 123 588 
165 321 639 
166 145 461 
167 559 565 
168 45 118 
169 67 526 
170 42 58 
171 312 427 
172 64 286 
173 245 429 
174 41 410 
175 53 94 
176 221 507 
177 149 181 
178 103 332 
179 101 518 
180 424 583 
181 178 194 
182 592 622 
183 248 356 
184 165 394 
185 592 637 
186 289 331 
187 61 574 
188 174 338 
189 74 656 
190 331 346 
191 402 575 
192 402 575 
193 170 338 
194 127 216 
195 288 582 
196 452 550 
197 289 355 
198 77 641 
199 373 423 
200 47 260 
201 190 391 
202 233 386 
203 23 64 
204 149 160 
205 137 212 
206 214 360 
207 89 666 
208 367 485 
209 201 527 
210 79 520 
211 132 222 
212 266 522 
213 178 391 
214 144 331 
215 371 555 
216 211 264 
217 199 555 
218 39 352 
219 164 379 
220 198 258 
221 46 561 
222 101 376 
223 101 264 
224 40 195 
225 365 381 
226 192 555 
227 27 411 
228 55 366 
229 132 188 
230 247 323 
231 121 294 
232 472 483 
233 354 483 
234 319 483 
235 221 233 
236 217 386 
237 179 322 
238 420 428 
239 434 457 
240 424 583 
241 4 217 
242 599 652 
243 549 581 
244 111 160 
245 264 301 
246 137 182 
247 69 547 
248 547 572 
249 306 360 
250 514 545 
251 514 545 
252 163 424 
253 4 51 
254 222 516 
255 108 349 
256 271 447 
257 268 447 
258 205 386 
259 51 179 
260 132 218 
261 148 517 
262 407 601 
263 579 591 
264 579 591 
265 431 537 
266 105 537 
267 105 537 
268 105 574 
269 10 600 
270 171 674 
271 171 674 
272 563 637 
273 559 565 
274 187 520 
275 141 449 
276 353 436 
277 205 521 
278 444 470 
279 79 415 
280 513 649 
281 167 394 
282 353 436 
283 66 321 
284 146 661 
285 448 484 
286 265 370 
287 249 523 
288 446 510 
289 182 255 
290 24 140 
291 9 139 
292 36 474 
293 124 158 
294 52 163 
295 107 323 
296 166 356 
297 252 326 
298 475 598 
299 473 616 
300 249 564 
301 449 571 
302 57 569 
303 125 242 
304 396 442 
305 528 662 
306 40 195 
307 296 399 
308 177 373 
309 21 31 
310 150 463 
311 81 653 
312 267 276 
313 211 376 
314 370 390 
315 112 189 
316 263 295 
317 271 447 
318 255 672 
319 330 530 
320 268 456 
321 377 413 
322 336 498 
323 267 295 
324 34 292 
325 72 263 
326 382 495 
327 401 544 
328 361 519 
329 298 325 
330 60 283 
331 6 333 
332 287 335 
333 37 154 
334 121 203 
335 291 400 
336 157 318 
337 283 335 
338 299 525 
339 176 331 
340 12 115 
341 285 400 
342 275 490 
343 433 513 
344 17 57 
345 48 431 
346 72 274 
347 259 399 
348 429 651 
349 327 406 
350 193 352 
351 198 657 
352 288 525 
353 382 613 
354 518 521 
355 369 420 
356 315 435 
357 68 491 
358 95 408 
359 360 385 
360 18 329 
361 337 448 
362 107 323 
363 96 534 
364 162 518 
365 293 433 
366 156 427 
367 172 355 
368 298 341 
369 303 435 
370 176 346 
371 115 421 
372 304 491 
373 23 286 
374 204 483 
375 93 117 
376 151 639 
377 51 205 
378 107 309 
379 308 390 
380 280 298 
381 564 615 
382 280 422 
383 304 491 
384 47 519 
385 167 637 
386 314 406 
387 131 378 
388 18 580 
389 270 359 
390 115 421 
391 290 482 
392 168 289 
393 143 262 
394 103 161 
395 282 533 
396 109 530 
397 325 353 
398 287 480 
399 273 498 
400 308 324 
401 170 462 
402 375 540 
403 48 437 
404 327 422 
405 348 362 
406 84 496 
407 97 536 
408 40 258 
409 504 586 
410 289 313 
411 315 435 
412 124 429 
413 342 362 
414 108 219 
415 28 618 
416 114 411 
417 507 521 
418 557 559 
419 39 193 
420 82 232 
421 489 551 
422 176 313 
423 166 248 
424 68 491 
425 98 262 
426 418 453 
427 337 512 
428 330 443 
429 325 327 
430 306 385 
431 47 373 
432 281 335 
433 342 348 
434 96 256 
435 384 445 
436 16 381 
437 201 367 
438 68 357 
439 149 550 
440 185 379 
441 455 664 
442 302 420 
443 380 512 
444 308 484 
445 76 119 
446 191 199 
447 33 531 
448 260 423 
449 24 425 
450 339 540 
451 162 197 
452 272 558 
453 311 445 
454 55 366 
455 110 619 
456 16 365 
457 300 613 
458 277 300 
459 15 118 
460 395 458 
461 306 360 
462 221 521 
463 395 587 
464 91 562 
465 407 454 
466 298 422 
467 337 506 
468 144 178 
469 55 367 
470 58 578 
471 157 577 
472 622 673 
473 387 587 
474 256 459 
475 409 451 
476 273 498 
477 472 489 
478 225 579 
479 259 296 
480 285 291 
481 278 525 
482 173 575 
483 59 442 
484 45 416 
485 45 153 
486 62 422 
487 224 601 
488 95 305 
489 397 451 
490 41 576 
491 306 385 
492 228 262 
493 200 501 
494 138 368 
495 272 469 
496 63 174 
497 403 459 
498 79 234 
499 383 404 
500 430 572 
501 358 590 
502 50 542 
503 302 428 
504 12 316 
505 325 327 
506 177 373 
507 163 583 
508 374 660 
509 209 599 
510 156 312 
511 280 314 
512 302 420 
513 158 347 
514 417 547 
515 48 294 
516 336 498 
517 487 632 
518 12 316 
519 293 618 
520 457 467 
521 174 462 
522 303 315 
523 184 666 
524 82 232 
525 169 340 
526 29 116 
527 197 301 
528 543 624 
529 150 463 
530 13 174 
531 208 659 
532 256 534 
533 147 568 
534 175 550 
535 37 463 
536 190 391 
537 470 663 
538 364 458 
539 67 440 
540 241 535 
541 8 241 
542 220 268 
543 110 324 
544 238 324 
545 141 253 
546 87 428 
547 397 409 
548 175 550 
549 387 458 
550 358 418 
551 389 407 
552 368 664 
553 271 606 
554 207 434 
555 324 512 
556 384 387 
557 59 403 
558 49 210 
559 75 493 
560 170 338 
561 67 440 
562 19 564 
563 538 576 
564 159 251 
565 434 457 
566 466 505 
567 43 486 
568 272 413 
569 444 663 
570 464 621 
571 398 551 
572 173 575 
573 70 251 
574 238 390 
575 509 511 
576 267 295 
577 532 633 
578 19 252 
579 33 130 
580 336 573 
581 60 335 
582 303 315 
583 97 344 
584 12 421 
585 204 489 
586 3 73 
587 238 370 
588 313 391 
589 201 366 
590 97 468 
591 53 584 
592 432 632 
593 302 450 
594 17 57 
595 366 379 
596 92 408 
597 460 549 
598 354 551 
599 184 206 
600 10 292 
601 317 357 
602 500 607 
603 75 461 
604 285 623 
605 277 300 
606 84 343 
607 28 65 
608 224 601 
609 122 614 
610 208 216 
611 273 336 
612 89 666 
613 64 388 
614 146 492 
615 114 411 
616 495 604 
617 192 548 
618 345 586 
619 60 283 
620 285 623 
621 103 161 
622 532 633 
623 70 410 
624 73 94 
625 238 512 
626 221 322 
627 377 541 
628 432 487 
629 63 414 
630 53 505 
631 602 674 
632 35 511 
633 62 280 
634 179 507 
635 442 534 
636 156 427 
637 183 214 
638 8 535 
639 35 509 
640 308 390 
641 65 293 
642 209 599 
643 13 311 
644 55 367 
645 215 409 
646 16 365 
647 495 613 
648 15 416 
649 353 553 
650 132 218 
651 148 223 
652 159 538 
653 101 162 
654 279 361 
655 79 187 
656 4 386 
657 112 189 
658 240 577 
659 44 571 
660 440 526 
661 299 401 
662 154 463 
663 176 346 
664 244 257 
665 49 549 
666 109 334 
667 116 372 
668 476 633 
669 468 481 
670 2 554 
671 310 442 
672 8 510 
673 62 341 
674 473 584 
675 344 481 
676 48 105 
677 539 616 
678 9 139 
679 251 466 
680 339 375 
681 413 508 
682 88 419 
683 45 416 
684 67 440 
685 179 217 
686 439 624 
687 202 218 
688 304 317 
689 278 612 
690 342 362 
691 215 451 
692 211 301 
693 344 536 
694 47 519 
695 20 609 
696 213 430 
697 258 345 
698 81 98 
699 192 503 
700 49 488 
701 49 210 
702 160 181 
703 576 584 
704 3 473 
705 165 592 
706 354 489 
707 312 487 
708 425 605 
709 82 86 
710 64 567 
711 192 655 
712 205 233 
713 615 642 
714 358 418 
715 351 559 
716 377 413 
717 351 557 
718 437 574 
719 46 566 
720 85 286 
721 229 667 
722 326 464 
723 25 230 
724 46 561 
725 556 615 
726 0 1 
727 254 676 
728 614 644 
729 141 253 
730 213 417 
731 72 274 
732 175 452 
733 273 479 
734 466 539 
735 97 344 
736 61 169 
737 281 283 
738 402 661 
739 94 465 
740 350 501 
741 91 393 
742 303 346 
743 439 624 
744 58 392 
745 225 591 
746 96 256 
747 18 329 
748 364 445 
749 167 637 
750 210 602 
751 540 617 
752 62 341 
753 99 424 
754 39 95 
755 608 674 
756 70 538 
757 247 309 
758 69 643 
759 345 504 
760 387 595 
761 37 154 
762 290 670 
763 123 588 
764 50 542 
765 586 657 
766 358 418 
767 225 579 
768 479 573 
769 563 622 
770 597 656 
771 22 634 
772 87 450 
773 56 677 
774 395 587 
775 43 486 
776 318 388 
777 589 657 
778 155 665 
779 44 253 
780 152 250 
781 409 451 
782 209 652 
783 18 580 
784 20 609 
785 71 139 
786 150 526 
787 59 363 
788 215 514 
789 10 227 
790 124 158 
791 224 407 
792 460 529 
793 419 625 
794 17 676 
795 36 133 
796 454 601 
797 382 502 
798 38 425 
799 37 123 
800 220 456 
801 21 492 
802 43 481 
803 102 644 
804 571 629 
805 288 656 
806 20 546 
807 364 458 
808 225 591 
809 383 405 
810 430 643 
811 224 454 
812 46 196 
813 517 666 
814 229 328 
815 32 669 
816 13 623 
817 278 544 
818 382 515 
819 66 321 
820 122 497 
821 237 661 
822 113 326 
823 505 616 
824 626 634 
825 53 70 
826 582 635 
827 215 397 
828 254 676 
829 28 433 
830 110 380 
831 69 572 
832 430 572 
833 471 593 
834 24 654 
835 328 394 
836 41 538 
837 476 633 
838 165 592 
839 494 611 
840 439 543 
841 339 375 
842 213 668 
843 477 634 
844 42 58 
845 27 54 
846 71 139 
847 44 141 
848 199 503 
849 301 518 
850 354 551 
851 654 660 
852 66 236 
853 159 539 
854 13 462 
855 136 670 
856 21 500 
857 432 487 
858 44 629 
859 476 532 
860 477 626 
861 625 640 
862 339 540 
863 111 175 
864 622 667 
865 167 229 
866 126 658 
867 151 321 
868 106 134 
869 477 642 
870 177 279 
871 318 388 
872 326 648 
873 281 287 
874 60 287 
875 310 363 
876 102 570 
877 128 614 
878 393 499 
879 419 640 
880 120 632 
881 103 552 
882 124 245 
883 328 673 
884 432 632 
885 310 403 
886 99 216 
887 564 642 
888 65 235 
889 32 565 
890 297 429 
891 209 599 
892 504 589 
893 363 620 
894 98 670 
895 392 578 
896 228 667 
897 165 229 
898 140 374 
899 199 555 
900 171 228 
901 345 589 
902 173 645 
903 231 638 
904 193 362 
905 441 647 
906 546 609 
907 28 235 
908 24 140 
909 340 560 
910 173 402 
911 237 631 
912 211 507 
913 444 470 
914 368 455 
915 99 208 
916 392 627 
917 87 223 
918 96 396 
919 563 673 
920 328 673 
921 69 417 
922 610 650 
923 89 184 
924 31 261 
925 585 643 
926 504 657 
927 374 660 
928 129 143 
929 82 232 
930 14 654 
931 425 654 
932 92 305 
933 26 337 
934 193 342 
935 586 589 
936 40 258 
937 143 645 
938 563 671 
939 269 675 
940 363 396 
941 59 459 
942 50 88 
943 476 532 
944 634 656 
945 394 667 
946 171 228 
947 395 587 
948 92 348 
949 137 255 
950 412 455 
951 445 595 
952 254 569 
953 253 449 
954 56 117 
