0 223 
1 494 
2 441 
3 4 503 511 
4 3 503 511 
5 7 9 
6 5 8 9 592 
7 5 6 8 592 
8 180 
9 17 22 
10 12 13 14 710 
11 11 15 16 
12 11 16 
13 12 13 14 710 
14 10 19 
15 17 20 21 322 
16 18 19 21 22 
17 18 322 
18 10 20 
19 32 534 825 
20 25 26 27 28 
21 24 27 30 31 
22 28 
23 23 24 25 
24 26 
25 30 31 506 825 
26 29 506 
27 29 32 534 
28 35 36 
29 34 37 38 40 
30 33 39 41 
31 35 38 
32 34 37 41 
33 755 
34 593 
35 33 36 39 40 
36 45 552 
37 42 44 45 46 
38 551 
39 42 43 46 550 
40 43 550 551 569 
41 50 
42 263 264 268 720 
43 47 50 526 
44 47 49 734 
45 53 54 55 
46 57 733 790 791 
47 51 56 583 594 
48 51 
49 57 588 594 732 
50 53 54 56 595 
51 596 597 
52 542 544 824 
53 80 697 743 859 
54 582 828 
55 63 826 
56 826 
57 62 65 66 67 
58 64 66 67 
59 62 63 64 65 
60 69 689 
61 76 757 
62 70 73 76 77 
63 68 71 74 77 
64 71 72 74 
65 69 70 72 73 
66 257 509 510 799 
67 548 
68 81 804 
69 60 81 743 859 
70 84 86 87 
71 84 
72 82 83 85 804 
73 78 703 
74 60 87 
75 78 83 86 758 
76 601 
77 90 91 546 580 
78 89 92 568 580 
79 92 
80 91 
81 310 
82 95 600 716 717 
83 94 444 717 829 
84 521 538 578 671 
85 1 98 598 
86 1 97 494 598 
87 101 102 103 104 
88 99 100 103 104 
89 99 101 102 
90 100 
91 183 185 567 
92 108 
93 106 107 109 110 
94 106 107 108 110 
95 109 
96 112 113 114 
97 111 113 114 115 
98 111 112 115 
99 123 124 543 
100 118 119 120 121 
101 117 120 121 122 
102 117 118 119 122 
103 498 
104 116 498 543 
105 547 
106 443 549 560 565 
107 129 131 533 565 
108 132 133 134 555 
109 125 131 736 820 
110 127 736 737 817 
111 126 128 129 133 
112 130 132 555 817 
113 449 
114 137 491 
115 136 491 
116 135 449 553 
117 141 142 143 711 
118 138 603 
119 139 140 142 143 
120 135 535 711 
121 139 140 141 603 
122 146 539 
123 144 145 539 
124 504 
125 149 150 152 522 
126 148 150 151 540 
127 148 149 152 153 
128 153 572 
129 572 
130 155 156 157 
131 604 605 606 607 
132 154 604 605 
133 158 160 
134 160 161 558 591 
135 158 159 162 558 
136 159 161 591 608 
137 162 164 527 545 
138 157 163 545 705 
139 166 168 770 
140 165 770 
141 168 
142 167 609 
143 170 610 611 
144 169 610 611 
145 173 176 178 179 
146 174 175 
147 171 174 612 
148 171 172 173 175 
149 172 176 177 496 
150 178 
151 612 
152 179 
153 482 
154 182 567 624 
155 181 615 620 623 
156 105 187 189 704 
157 183 619 627 628 
158 184 187 625 627 
159 186 623 
160 190 230 632 
161 189 631 632 
162 192 193 194 633 
163 191 194 195 633 
164 191 192 195 507 
165 193 507 634 
166 197 198 635 650 
167 196 634 635 
168 199 
169 198 
170 202 204 495 
171 204 637 638 639 
172 200 205 495 636 
173 200 205 638 
174 201 202 203 636 
175 207 208 515 685 
176 206 207 513 515 
177 211 213 701 
178 212 481 
179 209 481 508 563 
180 210 508 
181 218 640 
182 215 217 218 701 
183 209 214 216 217 
184 211 213 563 640 
185 214 215 216 502 
186 641 
187 220 
188 219 231 248 699 
189 483 
190 221 483 699 
191 0 
192 0 226 227 
193 224 225 227 
194 229 232 239 
195 629 
196 223 226 248 
197 228 229 234 698 
198 235 236 238 525 
199 236 642 
200 233 
201 224 233 234 698 
202 235 237 239 642 
203 225 228 232 237 
204 463 
205 240 437 643 
206 244 
207 243 245 246 
208 243 244 246 
209 245 463 541 
210 644 
211 231 
212 247 249 647 712 
213 249 250 645 649 
214 251 253 254 648 
215 252 254 
216 252 253 645 648 
217 756 866 
218 452 484 690 713 
219 531 651 
220 260 531 564 768 
221 259 261 574 653 
222 554 564 653 850 
223 48 267 268 
224 263 266 721 788 
225 265 718 805 832 
226 479 
227 270 
228 269 271 655 
229 497 655 694 
230 273 472 
231 272 275 472 
232 277 657 
233 273 274 656 
234 279 281 436 
235 274 657 
236 277 436 
237 276 280 658 
238 278 279 281 658 
239 283 284 575 782 
240 284 
241 282 283 575 782 
242 286 287 873 
243 287 
244 286 
245 289 
246 288 661 
247 285 291 659 
248 288 290 
249 293 297 298 
250 292 294 295 297 
251 295 
252 294 296 
253 298 
254 292 293 
255 296 
256 302 715 
257 299 300 301 715 
258 662 
259 304 306 307 
260 303 305 307 
261 303 304 305 306 
262 309 529 
263 308 529 662 
264 93 
265 313 745 
266 314 317 523 
267 311 317 745 
268 312 315 316 318 
269 312 316 505 523 
270 314 315 
271 505 
272 320 321 686 
273 319 321 446 
274 319 320 446 686 
275 435 
276 324 326 
277 323 325 
278 324 326 
279 323 325 
280 328 329 330 370 
281 327 663 664 
282 330 
283 327 329 
284 332 337 338 
285 331 338 500 
286 332 
287 333 335 336 514 
288 334 336 501 
289 333 334 335 337 
290 331 501 
291 340 
292 339 
293 340 
294 343 344 345 
295 339 
296 341 342 343 345 
297 341 342 344 
298 348 
299 349 350 351 352 
300 346 
301 353 
302 347 351 352 353 
303 346 
304 347 348 349 350 
305 357 361 576 666 
306 356 367 521 667 
307 96 355 357 670 
308 359 360 363 364 
309 358 360 668 669 
310 358 359 577 668 
311 354 365 576 665 
312 362 365 366 669 
313 362 363 577 579 
314 368 369 671 707 
315 367 667 670 707 
316 354 361 366 538 
317 371 373 374 532 
318 368 369 372 374 
319 370 372 373 532 
320 376 
321 375 377 382 741 
322 375 376 378 381 
323 380 381 
324 380 383 
325 377 378 379 
326 672 741 
327 379 672 
328 471 480 492 
329 386 387 465 516 
330 385 387 465 516 
331 385 386 517 742 
332 789 
333 390 400 
334 389 
335 445 459 519 530 
336 388 390 394 396 
337 392 393 395 396 
338 398 
339 394 
340 392 399 401 402 
341 393 395 397 400 
342 389 399 821 847 
343 397 398 402 
344 401 740 
345 404 
346 403 524 714 
347 714 
348 405 408 409 
349 403 407 410 673 
350 406 407 673 675 
351 524 675 
352 412 520 
353 411 520 
354 416 447 499 
355 415 416 
356 414 460 
357 414 
358 419 420 
359 415 418 420 
360 418 419 
361 676 
362 590 676 
363 424 581 
364 421 422 423 425 
365 417 424 426 
366 417 425 590 677 
367 589 679 
368 679 
369 428 429 680 681 
370 432 433 536 
371 431 433 536 682 
372 431 432 434 
373 682 
374 479 
375 276 278 
376 241 242 643 708 
377 439 684 688 
378 2 438 450 684 
379 518 573 
380 2 439 683 688 
381 310 
382 533 
383 599 600 716 
384 459 468 695 706 
385 88 
386 413 499 
387 438 441 489 683 
388 561 
389 448 489 
390 819 820 
391 478 570 
392 466 475 
393 484 490 696 
394 474 687 696 
395 469 
396 541 
397 453 
398 695 
399 537 
400 525 
401 470 
402 240 
403 613 
404 388 
405 453 468 475 519 
406 476 477 486 487 
407 456 462 470 488 
408 462 469 
409 492 
410 272 656 
411 488 493 559 562 
412 452 455 687 690 
413 467 485 486 700 
414 454 570 691 
415 435 
416 384 485 
417 210 
418 180 
419 221 222 
420 256 454 713 786 
421 476 477 480 487 
422 467 471 709 
423 473 
424 448 450 
425 786 
426 136 137 
427 384 700 709 
428 557 559 562 
429 566 
430 654 
431 123 124 
432 413 447 537 
433 514 
434 650 
435 3 4 
436 147 522 540 
437 318 
438 212 502 
439 75 799 
440 500 
441 206 208 513 685 
442 742 
443 440 573 
444 391 458 692 693 
445 411 412 
446 96 355 356 364 
447 147 504 
448 404 405 406 
449 461 
450 49 734 
451 163 164 705 
452 829 
453 308 309 
454 258 
455 578 579 665 666 
456 587 738 739 819 
457 482 
458 583 
459 460 
460 144 145 146 
461 457 
462 59 824 
463 116 
464 125 
465 44 552 569 
466 138 602 
467 262 652 722 850 
468 128 130 134 739 
469 547 
470 456 473 493 557 
471 443 451 556 737 
472 126 127 556 560 
473 151 
474 440 518 
475 873 
476 89 90 546 568 
477 423 
478 61 828 
479 738 
480 371 
481 427 586 678 
482 581 
483 6 7 
484 755 
485 588 595 
486 58 464 597 
487 58 464 596 
488 97 98 528 571 
489 88 
490 553 
491 535 561 602 
492 154 155 156 
493 607 
494 606 608 
495 169 170 609 
496 177 496 
497 601 
498 624 628 630 704 
499 182 614 617 
500 616 622 
501 617 619 702 
502 614 618 621 702 
503 105 621 626 
504 181 185 620 626 
505 184 186 615 625 
506 188 230 631 
507 188 190 629 630 
508 442 
509 442 
510 196 197 199 
511 201 203 637 639 
512 238 
513 241 242 437 708 
514 247 
515 251 646 647 712 
516 250 644 646 649 
517 457 
518 258 833 
519 260 261 262 554 
520 497 694 
521 269 270 271 654 
522 275 
523 280 
524 289 290 291 661 
525 659 660 
526 93 
527 328 664 
528 663 
529 382 383 
530 674 
531 408 409 410 674 
532 421 422 677 
533 426 
534 585 589 872 
535 427 429 584 
536 430 681 
537 430 678 680 872 
538 434 
539 455 474 478 691 
540 68 757 
541 391 458 530 706 
542 79 512 822 823 
543 461 
544 219 220 222 
545 641 
546 616 618 622 
547 85 758 
548 527 
549 445 466 692 693 
550 15 
551 256 
552 299 300 301 302 
553 94 95 444 599 
554 267 719 720 788 
555 718 721 805 
556 48 264 265 266 
557 719 832 
558 574 652 768 833 
559 613 
560 747 835 851 855 
561 780 841 
562 812 
563 765 
564 801 
565 724 752 827 851 
566 729 775 837 863 
567 764 
568 52 733 791 
569 52 55 732 790 
570 526 
571 776 777 814 815 
572 451 549 587 
573 847 
574 789 
575 517 
576 79 512 822 823 
577 747 774 854 860 
578 311 313 
579 724 752 771 773 
580 868 
581 753 754 792 816 
582 744 746 751 852 
583 729 750 795 827 
584 749 754 785 792 
585 749 753 777 785 
586 593 
587 255 807 866 870 
588 548 689 
589 80 82 697 703 
590 762 763 796 848 
591 761 762 793 809 
592 794 809 
593 759 760 796 848 
594 726 761 793 794 
595 731 797 
596 727 766 787 
597 765 787 
598 798 802 803 831 
599 259 
600 870 
601 165 166 167 
602 772 806 838 861 
603 730 771 774 860 
604 723 806 861 865 
605 730 853 862 871 
606 735 813 814 815 
607 769 841 843 856 
608 725 842 843 856 
609 808 818 845 846 
610 282 
611 808 818 857 867 
612 490 
613 727 766 797 
614 726 759 760 763 
615 767 802 810 830 
616 75 257 509 510 
617 801 803 811 849 
618 728 800 
619 767 798 831 
620 728 811 812 849 
621 731 
622 735 776 813 816 
623 781 783 845 857 
624 59 542 544 
625 23 
626 61 582 
627 528 566 571 
628 651 722 
629 772 835 853 864 
630 778 779 834 842 
631 725 778 779 780 
632 784 844 846 858 
633 781 783 784 869 
634 740 821 
635 764 800 810 830 
636 836 839 852 862 
637 744 795 838 871 
638 773 840 854 855 
639 746 750 840 865 
640 834 839 863 864 
641 723 748 868 869 
642 751 775 836 837 
643 255 756 769 807 
644 748 844 858 867 
645 428 584 585 586 
646 285 660 
