
0 1 
6 9 10 20 
4 5 
23 
20 
12 14 
11 14 15 
11 13 15 
12 13 
21 22 
18 
17 

4 5 6 7 8 9 10 16 21 22 23 
16 
7 8 


31 32 33 34 35 
43 
28 35 
28 31 32 33 34 
40 41 
29 30 42 43 
37 42 
36 38 39 41 
36 37 38 39 40 
29 30 
50 52 
48 51 
47 51 
46 53 
44 45 46 49 52 53 
47 48 
44 50 
45 49 
219 220 221 222 223 224 225 
62 
60 61 
62 63 64 65 66 67 
56 57 61 
56 57 58 59 60 63 64 65 66 67 
58 59 
71 72 73 74 75 76 77 78 
68 
69 70 76 77 78 
68 69 70 71 72 73 74 75 
90 91 94 95 96 97 98 
82 83 84 86 87 88 92 93 
85 89 
80 86 87 88 92 93 
81 89 
80 82 83 
81 85 
79 97 
84 
95 96 
91 94 98 
79 90 
101 
99 100 

106 108 110 112 113 
105 109 113 114 
104 110 
107 114 
104 108 112 
119 120 
105 106 107 109 
118 121 122 123 
115 116 
111 120 
111 118 119 
115 116 117 122 123 
117 121 
134 135 
124 129 130 132 134 135 
133 
126 127 128 132 133 
136 137 140 141 
125 126 127 128 129 130 
124 125 
140 141 
131 138 
142 
136 
139 144 145 
131 137 138 139 142 143 145 
143 144 
152 156 
153 155 
151 154 
150 154 
146 147 148 149 150 151 152 155 156 
148 149 153 
146 147 
171 172 
161 165 
158 159 160 162 163 164 165 170 
157 158 164 171 172 
159 160 161 162 163 170 
168 169 173 174 175 
166 167 
157 
174 175 176 177 178 179 
166 167 168 169 173 176 177 178 179 
183 184 191 
191 
189 
190 
180 181 182 185 186 187 188 
180 181 182 183 184 185 186 187 188 189 190 
194 195 196 
192 193 
204 205 
206 207 208 210 
197 204 205 203 
209 211 
199 200 
197 
198 201 202 210 211 
198 199 200 201 202 203 206 207 208 209 

228 248 
54 55 215 216 217 222 223 224 225 
54 55 215 216 217 219 220 221 
227 228 233 234 235 
218 229 230 231 232 235 248 
231 232 
230 
226 
244 245 246 247 226 227 233 234 
240 241 243 

243 
236 237 240 241 242 
246 247 
244 245 
218 229 
252 253 
254 259 
249 253 
249 251 
250 259 
260 
255 256 258 260 
251 257 
250 252 254 
255 256 257 258 
263 
261 262 264 
261 

265 266 269 270 271 274 279 
279 
268 274 
275 
268 269 271 
267 272 273 
280 281 282 283 284 285 
265 266 267 270 272 273 275 
276 277 278 281 282 283 284 285 
277 
276 
278 280 
288 289 290 291 292 293 294 295 296 
286 
287 295 296 
294 
286 288 289 292 
287 290 291 293 
304 
297 298 304 305 306 
303 307 
300 307 
297 298 299 301 302 
299 300 301 302 303 305 306 
